15 7
10 10
6 -1 0 0 0 0 0
1 1 1 0 0 1 0
0 -1 0 0 0 0 0
8 -1 0 0 0 0 0
9 -1 0 0 0 0 0
0 -1 0 0 0 0 0
0 -1 0 0 0 0 0
10 -1 0 0 0 0 0
0 -1 0 0 0 0 0
0 -1 0 0 0 0 0
9 -1 0 0 0 0 0
8 -1 0 0 0 0 0
0 -1 0 0 0 0 0
1 0 1 0 0 0 0
6 -1 0 0 0 0 0
1 1 1 0 0 1 0
1 1 0 0 1 1 0
8 1 1 0 0 1 0
8 -1 0 0 0 0 0
6 -1 0 0 0 0 0
8 -1 0 0 0 0 0
8 -1 0 0 0 0 0
9 -1 0 0 0 0 0
8 -1 0 0 0 0 0
8 -1 0 0 0 0 0
6 -1 0 0 0 0 0
8 -1 0 0 0 0 0
8 0 1 0 0 0 0
1 0 0 0 0 0 0
1 0 1 0 0 0 0
8 -1 0 0 0 0 0
9 1 1 0 0 1 0
9 -1 0 0 0 0 0
9 -1 0 0 0 0 0
8 -1 0 0 0 0 0
9 -1 0 0 0 0 0
8 -1 0 0 0 0 0
8 -1 0 0 0 0 0
8 -1 0 0 0 0 0
9 -1 0 0 0 0 0
8 -1 0 0 0 0 0
9 -1 0 0 0 0 0
9 -1 0 0 0 0 0
9 0 1 0 0 0 0
8 -1 0 0 0 0 0
8 -1 0 0 0 0 0
8 -1 0 0 0 0 0
0 -1 0 0 0 0 0
0 -1 0 0 0 0 0
6 -1 0 0 0 0 0
8 -1 0 0 0 0 0
8 -1 0 0 0 0 0
10 -1 0 0 0 0 0
8 -1 0 0 0 0 0
8 -1 0 0 0 0 0
6 -1 0 0 0 0 0
0 -1 0 0 0 0 0
0 -1 0 0 0 0 0
8 -1 0 0 0 0 0
8 -1 0 0 0 0 0
9 -1 0 0 0 0 0
9 -1 0 0 0 0 0
6 -1 0 0 0 0 0
0 -1 0 0 0 0 0
6 -1 0 0 0 0 0
0 -1 0 0 0 0 0
8 -1 0 0 0 0 0
8 -1 0 0 0 0 0
8 -1 0 0 0 0 0
0 -1 0 0 0 0 0
6 -1 0 0 0 0 0
0 -1 0 0 0 0 0
6 -1 0 0 0 0 0
9 -1 0 0 0 0 0
9 -1 0 0 0 0 0
6 -1 0 0 0 0 0
0 -1 0 0 0 0 0
0 -1 0 0 0 0 0
0 -1 0 0 0 0 0
8 -1 0 0 0 0 0
0 -1 0 0 0 0 0
9 -1 0 0 0 0 0
8 -1 0 0 0 0 0
9 -1 0 0 0 0 0
0 -1 0 0 0 0 0
8 -1 0 0 0 0 0
0 -1 0 0 0 0 0
0 -1 0 0 0 0 0
0 -1 0 0 0 0 0
6 -1 0 0 0 0 0
8 -1 0 0 0 0 0
0 -1 0 0 0 0 0
0 -1 0 0 0 0 0
0 -1 0 0 0 0 0
8 -1 0 0 0 0 0
0 -1 0 0 0 0 0
8 -1 0 0 0 0 0
10 -1 0 0 0 0 0
8 -1 0 0 0 0 0
0 -1 0 0 0 0 0
8 -1 0 0 0 0 0
0 -1 0 0 0 0 0
0 -1 0 0 0 0 0
0 -1 0 0 0 0 0
8 -1 0 0 0 0 0
20 15
6 -1 0 0 0 0 0
1 1 1 0 0 1 0
0 -1 0 0 0 0 0
8 -1 0 0 0 0 0
9 -1 0 0 0 0 0
0 -1 0 0 0 0 0
0 -1 0 0 0 0 0
10 -1 0 0 0 0 0
0 -1 0 0 0 0 0
0 -1 0 0 0 0 0
9 -1 0 0 0 0 0
8 -1 0 0 0 0 0
0 -1 0 0 0 0 0
0 -1 0 0 0 0 0
6 0 1 0 0 0 0
1 1 1 0 0 1 0
1 1 0 0 1 1 0
8 1 1 0 0 1 0
8 -1 0 0 0 0 0
6 -1 0 0 0 0 0
8 -1 0 0 0 0 0
8 -1 0 0 0 0 0
9 -1 0 0 0 0 0
8 -1 0 0 0 0 0
8 -1 0 0 0 0 0
6 -1 0 0 0 0 0
8 0 1 0 0 0 0
7 0 0 0 0 0 0
0 -1 0 0 0 0 0
0 -1 0 0 0 0 0
8 -1 0 0 0 0 0
9 1 1 0 0 1 0
9 -1 0 0 0 0 0
9 -1 0 0 0 0 0
8 -1 0 0 0 0 0
9 -1 0 0 0 0 0
8 -1 0 0 0 0 0
8 -1 0 0 0 0 0
8 -1 0 0 0 0 0
9 -1 0 0 0 0 0
8 -1 0 0 0 0 0
9 -1 0 0 0 0 0
9 0 1 0 0 0 0
8 0 0 0 0 0 0
8 0 1 0 0 0 0
8 -1 0 0 0 0 0
8 -1 0 0 0 0 0
0 -1 0 0 0 0 0
0 -1 0 0 0 0 0
6 -1 0 0 0 0 0
8 -1 0 0 0 0 0
8 -1 0 0 0 0 0
10 -1 0 0 0 0 0
8 -1 0 0 0 0 0
8 -1 0 0 0 0 0
6 -1 0 0 0 0 0
0 -1 0 0 0 0 0
0 -1 0 0 0 0 0
8 -1 0 0 0 0 0
8 -1 0 0 0 0 0
9 -1 0 0 0 0 0
9 -1 0 0 0 0 0
6 -1 0 0 0 0 0
0 -1 0 0 0 0 0
6 -1 0 0 0 0 0
0 -1 0 0 0 0 0
8 -1 0 0 0 0 0
8 -1 0 0 0 0 0
8 -1 0 0 0 0 0
0 -1 0 0 0 0 0
6 -1 0 0 0 0 0
0 -1 0 0 0 0 0
6 -1 0 0 0 0 0
9 -1 0 0 0 0 0
9 -1 0 0 0 0 0
6 -1 0 0 0 0 0
0 -1 0 0 0 0 0
0 -1 0 0 0 0 0
0 -1 0 0 0 0 0
8 -1 0 0 0 0 0
0 -1 0 0 0 0 0
9 -1 0 0 0 0 0
8 -1 0 0 0 0 0
9 -1 0 0 0 0 0
0 -1 0 0 0 0 0
8 -1 0 0 0 0 0
0 -1 0 0 0 0 0
0 -1 0 0 0 0 0
0 -1 0 0 0 0 0
6 -1 0 0 0 0 0
8 -1 0 0 0 0 0
0 -1 0 0 0 0 0
0 -1 0 0 0 0 0
0 -1 0 0 0 0 0
8 -1 0 0 0 0 0
0 -1 0 0 0 0 0
8 -1 0 0 0 0 0
10 -1 0 0 0 0 0
8 -1 0 0 0 0 0
0 -1 0 0 0 0 0
8 -1 0 0 0 0 0
0 -1 0 0 0 0 0
0 -1 0 0 0 0 0
0 -1 0 0 0 0 0
8 -1 0 0 0 0 0
30 25
6 -1 0 0 0 0 0
1 1 1 0 0 1 0
0 -1 0 0 0 0 0
8 -1 0 0 0 0 0
9 -1 0 0 0 0 0
0 -1 0 0 0 0 0
0 -1 0 0 0 0 0
10 -1 0 0 0 0 0
0 -1 0 0 0 0 0
0 -1 0 0 0 0 0
9 -1 0 0 0 0 0
8 -1 0 0 0 0 0
0 -1 0 0 0 0 0
0 -1 0 0 0 0 0
6 0 1 0 0 0 0
1 1 1 0 0 1 0
1 1 0 0 1 1 0
8 1 1 0 0 1 0
8 -1 0 0 0 0 0
6 -1 0 0 0 0 0
8 -1 0 0 0 0 0
8 -1 0 0 0 0 0
9 -1 0 0 0 0 0
8 -1 0 0 0 0 0
8 -1 0 0 0 0 0
6 0 1 0 0 0 0
8 0 0 0 0 0 0
7 0 0 0 0 0 0
0 -1 0 0 0 0 0
0 -1 0 0 0 0 0
8 -1 0 0 0 0 0
9 1 1 0 0 1 0
9 -1 0 0 0 0 0
9 -1 0 0 0 0 0
8 -1 0 0 0 0 0
9 -1 0 0 0 0 0
8 -1 0 0 0 0 0
8 -1 0 0 0 0 0
8 -1 0 0 0 0 0
9 -1 0 0 0 0 0
8 -1 0 0 0 0 0
9 0 1 0 0 0 0
9 0 0 0 0 0 0
8 0 1 0 0 0 0
8 0 0 0 0 0 0
8 -1 0 0 0 0 0
8 -1 0 0 0 0 0
0 -1 0 0 0 0 0
0 -1 0 0 0 0 0
6 -1 0 0 0 0 0
8 -1 0 0 0 0 0
8 -1 0 0 0 0 0
10 -1 0 0 0 0 0
8 -1 0 0 0 0 0
8 -1 0 0 0 0 0
6 -1 0 0 0 0 0
0 -1 0 0 0 0 0
0 -1 0 0 0 0 0
8 -1 0 0 0 0 0
8 -1 0 0 0 0 0
9 -1 0 0 0 0 0
9 -1 0 0 0 0 0
6 -1 0 0 0 0 0
0 -1 0 0 0 0 0
6 -1 0 0 0 0 0
0 -1 0 0 0 0 0
8 -1 0 0 0 0 0
8 -1 0 0 0 0 0
8 -1 0 0 0 0 0
0 -1 0 0 0 0 0
6 -1 0 0 0 0 0
0 -1 0 0 0 0 0
6 -1 0 0 0 0 0
9 -1 0 0 0 0 0
9 -1 0 0 0 0 0
6 -1 0 0 0 0 0
0 -1 0 0 0 0 0
0 -1 0 0 0 0 0
0 -1 0 0 0 0 0
8 -1 0 0 0 0 0
0 -1 0 0 0 0 0
9 -1 0 0 0 0 0
8 -1 0 0 0 0 0
9 -1 0 0 0 0 0
0 -1 0 0 0 0 0
8 -1 0 0 0 0 0
0 -1 0 0 0 0 0
0 -1 0 0 0 0 0
0 -1 0 0 0 0 0
6 -1 0 0 0 0 0
8 -1 0 0 0 0 0
0 -1 0 0 0 0 0
0 -1 0 0 0 0 0
0 -1 0 0 0 0 0
8 -1 0 0 0 0 0
0 -1 0 0 0 0 0
8 -1 0 0 0 0 0
10 -1 0 0 0 0 0
8 -1 0 0 0 0 0
0 -1 0 0 0 0 0
8 -1 0 0 0 0 0
0 -1 0 0 0 0 0
0 -1 0 0 0 0 0
0 -1 0 0 0 0 0
8 -1 0 0 0 0 0
40 35
6 -1 0 0 0 0 0
1 1 1 0 0 1 0
0 -1 0 0 0 0 0
8 -1 0 0 0 0 0
9 -1 0 0 0 0 0
0 -1 0 0 0 0 0
0 -1 0 0 0 0 0
10 -1 0 0 0 0 0
0 -1 0 0 0 0 0
0 -1 0 0 0 0 0
9 -1 0 0 0 0 0
8 -1 0 0 0 0 0
0 -1 0 0 0 0 0
0 -1 0 0 0 0 0
6 0 1 0 0 0 0
1 1 1 0 0 1 0
1 1 0 0 1 1 0
8 1 1 0 0 1 0
8 -1 0 0 0 0 0
6 -1 0 0 0 0 0
8 -1 0 0 0 0 0
8 -1 0 0 0 0 0
9 -1 0 0 0 0 0
8 -1 0 0 0 0 0
8 0 1 0 0 0 0
6 0 0 0 0 0 0
8 0 0 0 0 0 0
7 0 0 0 0 0 0
0 -1 0 0 0 0 0
0 -1 0 0 0 0 0
8 -1 0 0 0 0 0
9 1 1 0 0 1 0
9 -1 0 0 0 0 0
9 -1 0 0 0 0 0
8 -1 0 0 0 0 0
9 -1 0 0 0 0 0
8 -1 0 0 0 0 0
8 -1 0 0 0 0 0
8 -1 0 0 0 0 0
9 -1 0 0 0 0 0
8 0 1 0 0 0 0
9 0 0 0 0 0 0
9 0 1 0 0 0 0
8 0 0 0 0 0 0
8 0 0 0 0 0 0
8 -1 0 0 0 0 0
8 -1 0 0 0 0 0
0 -1 0 0 0 0 0
0 -1 0 0 0 0 0
6 -1 0 0 0 0 0
8 -1 0 0 0 0 0
8 -1 0 0 0 0 0
10 -1 0 0 0 0 0
8 -1 0 0 0 0 0
8 -1 0 0 0 0 0
6 -1 0 0 0 0 0
0 -1 0 0 0 0 0
0 -1 0 0 0 0 0
8 -1 0 0 0 0 0
8 -1 0 0 0 0 0
9 -1 0 0 0 0 0
9 -1 0 0 0 0 0
6 -1 0 0 0 0 0
0 -1 0 0 0 0 0
6 -1 0 0 0 0 0
0 -1 0 0 0 0 0
8 -1 0 0 0 0 0
8 -1 0 0 0 0 0
8 -1 0 0 0 0 0
0 -1 0 0 0 0 0
6 -1 0 0 0 0 0
0 -1 0 0 0 0 0
6 -1 0 0 0 0 0
9 -1 0 0 0 0 0
9 -1 0 0 0 0 0
6 -1 0 0 0 0 0
0 -1 0 0 0 0 0
0 -1 0 0 0 0 0
0 -1 0 0 0 0 0
8 -1 0 0 0 0 0
0 -1 0 0 0 0 0
9 -1 0 0 0 0 0
8 -1 0 0 0 0 0
9 -1 0 0 0 0 0
0 -1 0 0 0 0 0
8 -1 0 0 0 0 0
0 -1 0 0 0 0 0
0 -1 0 0 0 0 0
0 -1 0 0 0 0 0
6 -1 0 0 0 0 0
8 -1 0 0 0 0 0
0 -1 0 0 0 0 0
0 -1 0 0 0 0 0
0 -1 0 0 0 0 0
8 -1 0 0 0 0 0
0 -1 0 0 0 0 0
8 -1 0 0 0 0 0
10 -1 0 0 0 0 0
8 -1 0 0 0 0 0
0 -1 0 0 0 0 0
8 -1 0 0 0 0 0
0 -1 0 0 0 0 0
0 -1 0 0 0 0 0
0 -1 0 0 0 0 0
8 -1 0 0 0 0 0
50 45
6 -1 0 0 0 0 0
1 1 1 0 0 1 0
0 -1 0 0 0 0 0
8 -1 0 0 0 0 0
9 -1 0 0 0 0 0
0 -1 0 0 0 0 0
0 -1 0 0 0 0 0
10 -1 0 0 0 0 0
0 -1 0 0 0 0 0
0 -1 0 0 0 0 0
9 -1 0 0 0 0 0
8 -1 0 0 0 0 0
0 -1 0 0 0 0 0
0 -1 0 0 0 0 0
6 0 1 0 0 0 0
1 1 1 0 0 1 0
1 1 0 0 1 1 0
8 1 1 0 0 1 0
8 -1 0 0 0 0 0
6 -1 0 0 0 0 0
8 -1 0 0 0 0 0
8 -1 0 0 0 0 0
9 -1 0 0 0 0 0
8 0 1 0 0 0 0
8 0 0 0 0 0 0
6 0 0 0 0 0 0
8 0 0 0 0 0 0
7 0 0 0 0 0 0
0 -1 0 0 0 0 0
0 -1 0 0 0 0 0
8 -1 0 0 0 0 0
9 1 1 0 0 1 0
9 -1 0 0 0 0 0
9 -1 0 0 0 0 0
8 -1 0 0 0 0 0
9 -1 0 0 0 0 0
8 -1 0 0 0 0 0
8 -1 0 0 0 0 0
8 -1 0 0 0 0 0
9 0 1 0 0 0 0
8 0 0 0 0 0 0
9 0 1 0 0 0 0
9 0 0 0 0 0 0
8 0 0 0 0 0 0
8 0 0 0 0 0 0
8 -1 0 0 0 0 0
8 -1 0 0 0 0 0
0 -1 0 0 0 0 0
0 -1 0 0 0 0 0
6 -1 0 0 0 0 0
8 -1 0 0 0 0 0
8 -1 0 0 0 0 0
10 -1 0 0 0 0 0
8 -1 0 0 0 0 0
8 -1 0 0 0 0 0
6 -1 0 0 0 0 0
0 -1 0 0 0 0 0
0 -1 0 0 0 0 0
8 -1 0 0 0 0 0
8 -1 0 0 0 0 0
9 -1 0 0 0 0 0
9 -1 0 0 0 0 0
6 -1 0 0 0 0 0
0 -1 0 0 0 0 0
6 -1 0 0 0 0 0
0 -1 0 0 0 0 0
8 -1 0 0 0 0 0
8 -1 0 0 0 0 0
8 -1 0 0 0 0 0
0 -1 0 0 0 0 0
6 -1 0 0 0 0 0
0 -1 0 0 0 0 0
6 -1 0 0 0 0 0
9 -1 0 0 0 0 0
9 -1 0 0 0 0 0
6 -1 0 0 0 0 0
0 -1 0 0 0 0 0
0 -1 0 0 0 0 0
0 -1 0 0 0 0 0
8 -1 0 0 0 0 0
0 -1 0 0 0 0 0
9 -1 0 0 0 0 0
8 -1 0 0 0 0 0
9 -1 0 0 0 0 0
0 -1 0 0 0 0 0
8 -1 0 0 0 0 0
0 -1 0 0 0 0 0
0 -1 0 0 0 0 0
0 -1 0 0 0 0 0
6 -1 0 0 0 0 0
8 -1 0 0 0 0 0
0 -1 0 0 0 0 0
0 -1 0 0 0 0 0
0 -1 0 0 0 0 0
8 -1 0 0 0 0 0
0 -1 0 0 0 0 0
8 -1 0 0 0 0 0
10 -1 0 0 0 0 0
8 -1 0 0 0 0 0
0 -1 0 0 0 0 0
8 -1 0 0 0 0 0
0 -1 0 0 0 0 0
0 -1 0 0 0 0 0
0 -1 0 0 0 0 0
8 -1 0 0 0 0 0
60 55
6 -1 0 0 0 0 0
1 1 1 0 0 1 0
0 -1 0 0 0 0 0
8 -1 0 0 0 0 0
9 -1 0 0 0 0 0
0 -1 0 0 0 0 0
0 -1 0 0 0 0 0
10 -1 0 0 0 0 0
0 -1 0 0 0 0 0
0 -1 0 0 0 0 0
9 -1 0 0 0 0 0
8 -1 0 0 0 0 0
0 -1 0 0 0 0 0
0 -1 0 0 0 0 0
6 0 1 0 0 0 0
1 1 1 0 0 1 0
1 1 0 0 1 1 0
8 1 1 0 0 1 0
8 -1 0 0 0 0 0
6 -1 0 0 0 0 0
8 -1 0 0 0 0 0
8 -1 0 0 0 0 0
9 0 1 0 0 0 0
8 0 0 0 0 0 0
8 0 0 0 0 0 0
6 0 0 0 0 0 0
8 0 0 0 0 0 0
7 0 0 0 0 0 0
0 -1 0 0 0 0 0
0 -1 0 0 0 0 0
8 -1 0 0 0 0 0
9 1 1 0 0 1 0
9 -1 0 0 0 0 0
9 -1 0 0 0 0 0
8 -1 0 0 0 0 0
9 -1 0 0 0 0 0
8 -1 0 0 0 0 0
8 -1 0 0 0 0 0
8 0 1 0 0 0 0
9 0 0 0 0 0 0
8 0 1 0 0 0 0
9 0 0 0 0 0 0
9 0 0 0 0 0 0
8 0 0 0 0 0 0
8 0 0 0 0 0 0
8 -1 0 0 0 0 0
8 -1 0 0 0 0 0
0 -1 0 0 0 0 0
0 -1 0 0 0 0 0
6 -1 0 0 0 0 0
8 -1 0 0 0 0 0
8 -1 0 0 0 0 0
10 -1 0 0 0 0 0
8 -1 0 0 0 0 0
8 -1 0 0 0 0 0
6 -1 0 0 0 0 0
0 -1 0 0 0 0 0
0 -1 0 0 0 0 0
8 -1 0 0 0 0 0
8 -1 0 0 0 0 0
9 -1 0 0 0 0 0
9 -1 0 0 0 0 0
6 -1 0 0 0 0 0
0 -1 0 0 0 0 0
6 -1 0 0 0 0 0
0 -1 0 0 0 0 0
8 -1 0 0 0 0 0
8 -1 0 0 0 0 0
8 -1 0 0 0 0 0
0 -1 0 0 0 0 0
6 -1 0 0 0 0 0
0 -1 0 0 0 0 0
6 -1 0 0 0 0 0
9 -1 0 0 0 0 0
9 -1 0 0 0 0 0
6 -1 0 0 0 0 0
0 -1 0 0 0 0 0
0 -1 0 0 0 0 0
0 -1 0 0 0 0 0
8 -1 0 0 0 0 0
0 -1 0 0 0 0 0
9 -1 0 0 0 0 0
8 -1 0 0 0 0 0
9 -1 0 0 0 0 0
0 -1 0 0 0 0 0
8 -1 0 0 0 0 0
0 -1 0 0 0 0 0
0 -1 0 0 0 0 0
0 -1 0 0 0 0 0
6 -1 0 0 0 0 0
8 -1 0 0 0 0 0
0 -1 0 0 0 0 0
0 -1 0 0 0 0 0
0 -1 0 0 0 0 0
8 -1 0 0 0 0 0
0 -1 0 0 0 0 0
8 -1 0 0 0 0 0
10 -1 0 0 0 0 0
8 -1 0 0 0 0 0
0 -1 0 0 0 0 0
8 -1 0 0 0 0 0
0 -1 0 0 0 0 0
0 -1 0 0 0 0 0
0 -1 0 0 0 0 0
8 -1 0 0 0 0 0
70 65
6 -1 0 0 0 0 0
1 1 1 0 0 1 0
0 -1 0 0 0 0 0
8 -1 0 0 0 0 0
9 -1 0 0 0 0 0
0 -1 0 0 0 0 0
0 -1 0 0 0 0 0
10 -1 0 0 0 0 0
0 -1 0 0 0 0 0
0 -1 0 0 0 0 0
9 -1 0 0 0 0 0
8 -1 0 0 0 0 0
0 -1 0 0 0 0 0
0 -1 0 0 0 0 0
6 0 1 0 0 0 0
1 1 1 0 0 1 0
1 1 0 0 1 1 0
8 1 1 0 0 1 0
8 -1 0 0 0 0 0
6 -1 0 0 0 0 0
8 -1 0 0 0 0 0
8 0 1 0 0 0 0
9 0 0 0 0 0 0
8 0 0 0 0 0 0
8 0 0 0 0 0 0
6 0 0 0 0 0 0
8 0 0 0 0 0 0
7 0 0 0 0 0 0
0 -1 0 0 0 0 0
0 -1 0 0 0 0 0
8 -1 0 0 0 0 0
9 1 1 0 0 1 0
9 -1 0 0 0 0 0
9 -1 0 0 0 0 0
8 -1 0 0 0 0 0
9 -1 0 0 0 0 0
8 -1 0 0 0 0 0
8 0 1 0 0 0 0
8 0 0 0 0 0 0
9 0 1 0 0 0 0
8 0 0 0 0 0 0
9 0 0 0 0 0 0
9 0 0 0 0 0 0
8 0 0 0 0 0 0
8 0 0 0 0 0 0
8 -1 0 0 0 0 0
8 -1 0 0 0 0 0
0 -1 0 0 0 0 0
0 -1 0 0 0 0 0
6 -1 0 0 0 0 0
8 -1 0 0 0 0 0
8 -1 0 0 0 0 0
10 -1 0 0 0 0 0
8 -1 0 0 0 0 0
8 -1 0 0 0 0 0
6 -1 0 0 0 0 0
0 -1 0 0 0 0 0
0 -1 0 0 0 0 0
8 -1 0 0 0 0 0
8 -1 0 0 0 0 0
9 -1 0 0 0 0 0
9 -1 0 0 0 0 0
6 -1 0 0 0 0 0
0 -1 0 0 0 0 0
6 -1 0 0 0 0 0
0 -1 0 0 0 0 0
8 -1 0 0 0 0 0
8 -1 0 0 0 0 0
8 -1 0 0 0 0 0
0 -1 0 0 0 0 0
6 -1 0 0 0 0 0
0 -1 0 0 0 0 0
6 -1 0 0 0 0 0
9 -1 0 0 0 0 0
9 -1 0 0 0 0 0
6 -1 0 0 0 0 0
0 -1 0 0 0 0 0
0 -1 0 0 0 0 0
0 -1 0 0 0 0 0
8 -1 0 0 0 0 0
0 -1 0 0 0 0 0
9 -1 0 0 0 0 0
8 -1 0 0 0 0 0
9 -1 0 0 0 0 0
0 -1 0 0 0 0 0
8 -1 0 0 0 0 0
0 -1 0 0 0 0 0
0 -1 0 0 0 0 0
0 -1 0 0 0 0 0
6 -1 0 0 0 0 0
8 -1 0 0 0 0 0
0 -1 0 0 0 0 0
0 -1 0 0 0 0 0
0 -1 0 0 0 0 0
8 -1 0 0 0 0 0
0 -1 0 0 0 0 0
8 -1 0 0 0 0 0
10 -1 0 0 0 0 0
8 -1 0 0 0 0 0
0 -1 0 0 0 0 0
8 -1 0 0 0 0 0
0 -1 0 0 0 0 0
0 -1 0 0 0 0 0
0 -1 0 0 0 0 0
8 -1 0 0 0 0 0
80 65
6 -1 0 0 0 0 0
1 1 1 0 0 1 0
0 -1 0 0 0 0 0
8 -1 0 0 0 0 0
9 -1 0 0 0 0 0
0 -1 0 0 0 0 0
0 -1 0 0 0 0 0
10 -1 0 0 0 0 0
0 -1 0 0 0 0 0
0 -1 0 0 0 0 0
9 -1 0 0 0 0 0
8 -1 0 0 0 0 0
0 -1 0 0 0 0 0
0 -1 0 0 0 0 0
6 0 1 0 0 0 0
1 1 1 0 0 1 0
1 1 0 0 1 1 0
8 1 1 0 0 1 0
8 -1 0 0 0 0 0
6 -1 0 0 0 0 0
8 0 1 0 0 0 0
8 0 1 0 0 0 0
9 0 0 0 0 0 0
8 0 0 0 0 0 0
8 0 0 0 0 0 0
6 0 0 0 0 0 0
8 0 0 0 0 0 0
7 0 0 0 0 0 0
0 -1 0 0 0 0 0
0 -1 0 0 0 0 0
8 -1 0 0 0 0 0
9 1 1 0 0 1 0
9 -1 0 0 0 0 0
9 -1 0 0 0 0 0
8 -1 0 0 0 0 0
9 -1 0 0 0 0 0
8 0 1 0 0 0 0
8 0 0 0 0 0 0
8 0 1 0 0 0 0
9 0 0 0 0 0 0
8 0 0 0 0 0 0
9 0 0 0 0 0 0
9 0 0 0 0 0 0
8 0 0 0 0 0 0
8 0 0 0 0 0 0
8 -1 0 0 0 0 0
8 -1 0 0 0 0 0
0 -1 0 0 0 0 0
0 -1 0 0 0 0 0
6 -1 0 0 0 0 0
8 -1 0 0 0 0 0
8 -1 0 0 0 0 0
10 -1 0 0 0 0 0
8 -1 0 0 0 0 0
8 -1 0 0 0 0 0
6 -1 0 0 0 0 0
0 -1 0 0 0 0 0
0 -1 0 0 0 0 0
8 -1 0 0 0 0 0
8 -1 0 0 0 0 0
9 -1 0 0 0 0 0
9 -1 0 0 0 0 0
6 -1 0 0 0 0 0
0 -1 0 0 0 0 0
6 -1 0 0 0 0 0
0 -1 0 0 0 0 0
8 -1 0 0 0 0 0
8 -1 0 0 0 0 0
8 -1 0 0 0 0 0
0 -1 0 0 0 0 0
6 -1 0 0 0 0 0
0 -1 0 0 0 0 0
6 -1 0 0 0 0 0
9 -1 0 0 0 0 0
9 -1 0 0 0 0 0
6 -1 0 0 0 0 0
0 -1 0 0 0 0 0
0 -1 0 0 0 0 0
0 -1 0 0 0 0 0
8 -1 0 0 0 0 0
0 -1 0 0 0 0 0
9 -1 0 0 0 0 0
8 -1 0 0 0 0 0
9 -1 0 0 0 0 0
0 -1 0 0 0 0 0
8 -1 0 0 0 0 0
0 -1 0 0 0 0 0
0 -1 0 0 0 0 0
0 -1 0 0 0 0 0
6 -1 0 0 0 0 0
8 -1 0 0 0 0 0
0 -1 0 0 0 0 0
0 -1 0 0 0 0 0
0 -1 0 0 0 0 0
8 -1 0 0 0 0 0
0 -1 0 0 0 0 0
8 -1 0 0 0 0 0
10 -1 0 0 0 0 0
8 -1 0 0 0 0 0
0 -1 0 0 0 0 0
8 -1 0 0 0 0 0
0 -1 0 0 0 0 0
0 -1 0 0 0 0 0
0 -1 0 0 0 0 0
8 -1 0 0 0 0 0
90 65
6 -1 0 0 0 0 0
1 1 1 0 0 1 0
0 -1 0 0 0 0 0
8 -1 0 0 0 0 0
9 -1 0 0 0 0 0
0 -1 0 0 0 0 0
0 -1 0 0 0 0 0
10 -1 0 0 0 0 0
0 -1 0 0 0 0 0
0 -1 0 0 0 0 0
9 -1 0 0 0 0 0
8 -1 0 0 0 0 0
0 -1 0 0 0 0 0
0 -1 0 0 0 0 0
6 0 1 0 0 0 0
1 1 1 0 0 1 0
1 1 0 0 1 1 0
8 1 1 0 0 1 0
8 -1 0 0 0 0 0
6 0 1 0 0 0 0
8 0 2 0 0 0 0
8 0 0 0 0 0 0
9 0 0 0 0 0 0
8 0 0 0 0 0 0
8 0 0 0 0 0 0
6 0 0 0 0 0 0
8 0 0 0 0 0 0
7 0 0 0 0 0 0
0 -1 0 0 0 0 0
0 -1 0 0 0 0 0
8 -1 0 0 0 0 0
9 1 1 0 0 1 0
9 -1 0 0 0 0 0
9 -1 0 0 0 0 0
8 -1 0 0 0 0 0
9 0 1 0 0 0 0
8 0 0 0 0 0 0
8 0 1 0 0 0 0
8 0 0 0 0 0 0
9 0 0 0 0 0 0
8 0 0 0 0 0 0
9 0 0 0 0 0 0
9 0 0 0 0 0 0
8 0 0 0 0 0 0
8 0 0 0 0 0 0
8 -1 0 0 0 0 0
8 -1 0 0 0 0 0
0 -1 0 0 0 0 0
0 -1 0 0 0 0 0
6 -1 0 0 0 0 0
8 -1 0 0 0 0 0
8 -1 0 0 0 0 0
10 -1 0 0 0 0 0
8 -1 0 0 0 0 0
8 -1 0 0 0 0 0
6 -1 0 0 0 0 0
0 -1 0 0 0 0 0
0 -1 0 0 0 0 0
8 -1 0 0 0 0 0
8 -1 0 0 0 0 0
9 -1 0 0 0 0 0
9 -1 0 0 0 0 0
6 -1 0 0 0 0 0
0 -1 0 0 0 0 0
6 -1 0 0 0 0 0
0 -1 0 0 0 0 0
8 -1 0 0 0 0 0
8 -1 0 0 0 0 0
8 -1 0 0 0 0 0
0 -1 0 0 0 0 0
6 -1 0 0 0 0 0
0 -1 0 0 0 0 0
6 -1 0 0 0 0 0
9 -1 0 0 0 0 0
9 -1 0 0 0 0 0
6 -1 0 0 0 0 0
0 -1 0 0 0 0 0
0 -1 0 0 0 0 0
0 -1 0 0 0 0 0
8 -1 0 0 0 0 0
0 -1 0 0 0 0 0
9 -1 0 0 0 0 0
8 -1 0 0 0 0 0
9 -1 0 0 0 0 0
0 -1 0 0 0 0 0
8 -1 0 0 0 0 0
0 -1 0 0 0 0 0
0 -1 0 0 0 0 0
0 -1 0 0 0 0 0
6 -1 0 0 0 0 0
8 -1 0 0 0 0 0
0 -1 0 0 0 0 0
0 -1 0 0 0 0 0
0 -1 0 0 0 0 0
8 -1 0 0 0 0 0
0 -1 0 0 0 0 0
8 -1 0 0 0 0 0
10 -1 0 0 0 0 0
8 -1 0 0 0 0 0
0 -1 0 0 0 0 0
8 -1 0 0 0 0 0
0 -1 0 0 0 0 0
0 -1 0 0 0 0 0
0 -1 0 0 0 0 0
8 -1 0 0 0 0 0
100 65
6 -1 0 0 0 0 0
1 1 1 0 0 1 0
0 -1 0 0 0 0 0
8 -1 0 0 0 0 0
9 -1 0 0 0 0 0
0 -1 0 0 0 0 0
0 -1 0 0 0 0 0
10 -1 0 0 0 0 0
0 -1 0 0 0 0 0
0 -1 0 0 0 0 0
9 -1 0 0 0 0 0
8 -1 0 0 0 0 0
0 -1 0 0 0 0 0
0 -1 0 0 0 0 0
6 0 1 0 0 0 0
1 1 1 0 0 1 0
1 1 0 0 1 1 0
8 1 1 0 0 1 0
8 0 1 0 0 0 0
6 0 1 0 0 0 0
8 0 1 0 0 0 0
8 0 0 0 0 0 0
9 0 0 0 0 0 0
8 0 0 0 0 0 0
8 0 0 0 0 0 0
6 0 0 0 0 0 0
8 0 0 0 0 0 0
7 0 0 0 0 0 0
0 -1 0 0 0 0 0
0 -1 0 0 0 0 0
8 -1 0 0 0 0 0
9 1 1 0 0 1 0
9 -1 0 0 0 0 0
9 -1 0 0 0 0 0
8 0 1 0 0 0 0
9 0 0 0 0 0 0
8 0 1 0 0 0 0
8 0 0 0 0 0 0
8 0 0 0 0 0 0
9 0 0 0 0 0 0
8 0 0 0 0 0 0
9 0 1 0 0 0 0
9 0 0 0 0 0 0
8 0 0 0 0 0 0
8 0 0 0 0 0 0
8 -1 0 0 0 0 0
8 -1 0 0 0 0 0
0 -1 0 0 0 0 0
0 -1 0 0 0 0 0
6 -1 0 0 0 0 0
8 -1 0 0 0 0 0
8 -1 0 0 0 0 0
10 -1 0 0 0 0 0
8 -1 0 0 0 0 0
8 -1 0 0 0 0 0
6 -1 0 0 0 0 0
0 -1 0 0 0 0 0
0 -1 0 0 0 0 0
8 -1 0 0 0 0 0
8 -1 0 0 0 0 0
9 -1 0 0 0 0 0
9 -1 0 0 0 0 0
6 -1 0 0 0 0 0
0 -1 0 0 0 0 0
6 -1 0 0 0 0 0
0 -1 0 0 0 0 0
8 -1 0 0 0 0 0
8 -1 0 0 0 0 0
8 -1 0 0 0 0 0
0 -1 0 0 0 0 0
6 -1 0 0 0 0 0
0 -1 0 0 0 0 0
6 -1 0 0 0 0 0
9 -1 0 0 0 0 0
9 -1 0 0 0 0 0
6 -1 0 0 0 0 0
0 -1 0 0 0 0 0
0 -1 0 0 0 0 0
0 -1 0 0 0 0 0
8 -1 0 0 0 0 0
0 -1 0 0 0 0 0
9 -1 0 0 0 0 0
8 -1 0 0 0 0 0
9 -1 0 0 0 0 0
0 -1 0 0 0 0 0
8 -1 0 0 0 0 0
0 -1 0 0 0 0 0
0 -1 0 0 0 0 0
0 -1 0 0 0 0 0
6 -1 0 0 0 0 0
8 -1 0 0 0 0 0
0 -1 0 0 0 0 0
0 -1 0 0 0 0 0
0 -1 0 0 0 0 0
8 -1 0 0 0 0 0
0 -1 0 0 0 0 0
8 -1 0 0 0 0 0
10 -1 0 0 0 0 0
8 -1 0 0 0 0 0
0 -1 0 0 0 0 0
8 -1 0 0 0 0 0
0 -1 0 0 0 0 0
0 -1 0 0 0 0 0
0 -1 0 0 0 0 0
8 -1 0 0 0 0 0
110 65
6 -1 0 0 0 0 0
1 1 1 0 0 1 0
0 -1 0 0 0 0 0
8 -1 0 0 0 0 0
9 -1 0 0 0 0 0
0 -1 0 0 0 0 0
0 -1 0 0 0 0 0
10 -1 0 0 0 0 0
0 -1 0 0 0 0 0
0 -1 0 0 0 0 0
9 -1 0 0 0 0 0
8 -1 0 0 0 0 0
0 -1 0 0 0 0 0
0 -1 0 0 0 0 0
6 0 1 0 0 0 0
1 1 1 0 0 1 0
1 1 0 0 1 1 0
8 1 1 0 0 1 0
8 0 1 0 0 0 0
6 0 2 0 0 0 0
8 0 0 0 0 0 0
8 0 0 0 0 0 0
9 0 0 0 0 0 0
8 0 0 0 0 0 0
8 0 0 0 0 0 0
6 0 0 0 0 0 0
8 0 0 0 0 0 0
7 0 0 0 0 0 0
0 -1 0 0 0 0 0
0 -1 0 0 0 0 0
8 -1 0 0 0 0 0
9 1 1 0 0 1 0
9 -1 0 0 0 0 0
9 0 2 0 0 0 0
8 0 0 0 0 0 0
9 0 1 0 0 0 0
8 0 0 0 0 0 0
8 0 0 0 0 0 0
8 0 0 0 0 0 0
9 0 0 0 0 0 0
8 0 1 0 0 0 0
9 0 0 0 0 0 0
9 0 0 0 0 0 0
8 0 0 0 0 0 0
8 0 0 0 0 0 0
8 -1 0 0 0 0 0
8 -1 0 0 0 0 0
0 -1 0 0 0 0 0
0 -1 0 0 0 0 0
6 -1 0 0 0 0 0
8 -1 0 0 0 0 0
8 -1 0 0 0 0 0
10 -1 0 0 0 0 0
8 -1 0 0 0 0 0
8 -1 0 0 0 0 0
6 -1 0 0 0 0 0
0 -1 0 0 0 0 0
0 -1 0 0 0 0 0
8 -1 0 0 0 0 0
8 -1 0 0 0 0 0
9 -1 0 0 0 0 0
9 -1 0 0 0 0 0
6 -1 0 0 0 0 0
0 -1 0 0 0 0 0
6 -1 0 0 0 0 0
0 -1 0 0 0 0 0
8 -1 0 0 0 0 0
8 -1 0 0 0 0 0
8 -1 0 0 0 0 0
0 -1 0 0 0 0 0
6 -1 0 0 0 0 0
0 -1 0 0 0 0 0
6 -1 0 0 0 0 0
9 -1 0 0 0 0 0
9 -1 0 0 0 0 0
6 -1 0 0 0 0 0
0 -1 0 0 0 0 0
0 -1 0 0 0 0 0
0 -1 0 0 0 0 0
8 -1 0 0 0 0 0
0 -1 0 0 0 0 0
9 -1 0 0 0 0 0
8 -1 0 0 0 0 0
9 -1 0 0 0 0 0
0 -1 0 0 0 0 0
8 -1 0 0 0 0 0
0 -1 0 0 0 0 0
0 -1 0 0 0 0 0
0 -1 0 0 0 0 0
6 -1 0 0 0 0 0
8 -1 0 0 0 0 0
0 -1 0 0 0 0 0
0 -1 0 0 0 0 0
0 -1 0 0 0 0 0
8 -1 0 0 0 0 0
0 -1 0 0 0 0 0
8 -1 0 0 0 0 0
10 -1 0 0 0 0 0
8 -1 0 0 0 0 0
0 -1 0 0 0 0 0
8 -1 0 0 0 0 0
0 -1 0 0 0 0 0
0 -1 0 0 0 0 0
0 -1 0 0 0 0 0
8 -1 0 0 0 0 0
120 65
6 -1 0 0 0 0 0
1 1 1 0 0 1 0
0 -1 0 0 0 0 0
8 -1 0 0 0 0 0
9 -1 0 0 0 0 0
0 -1 0 0 0 0 0
0 -1 0 0 0 0 0
10 -1 0 0 0 0 0
0 -1 0 0 0 0 0
0 -1 0 0 0 0 0
9 -1 0 0 0 0 0
8 -1 0 0 0 0 0
0 -1 0 0 0 0 0
0 -1 0 0 0 0 0
6 0 1 0 0 0 0
1 1 1 0 0 1 0
1 1 0 0 1 1 0
8 1 1 0 0 1 0
8 0 1 0 0 0 0
6 0 1 0 0 0 0
8 0 0 0 0 0 0
8 0 0 0 0 0 0
9 0 0 0 0 0 0
8 0 0 0 0 0 0
8 0 0 0 0 0 0
6 0 0 0 0 0 0
8 0 0 0 0 0 0
7 0 0 0 0 0 0
0 -1 0 0 0 0 0
0 -1 0 0 0 0 0
8 -1 0 0 0 0 0
9 1 1 0 0 1 0
9 0 1 0 0 0 0
9 0 2 0 0 0 0
8 0 1 0 0 0 0
9 0 0 0 0 0 0
8 0 0 0 0 0 0
8 0 0 0 0 0 0
8 0 1 0 0 0 0
9 0 1 0 0 0 0
8 0 0 0 0 0 0
9 0 0 0 0 0 0
9 0 0 0 0 0 0
8 0 0 0 0 0 0
8 0 0 0 0 0 0
8 -1 0 0 0 0 0
8 -1 0 0 0 0 0
0 -1 0 0 0 0 0
0 -1 0 0 0 0 0
6 -1 0 0 0 0 0
8 -1 0 0 0 0 0
8 -1 0 0 0 0 0
10 -1 0 0 0 0 0
8 -1 0 0 0 0 0
8 -1 0 0 0 0 0
6 -1 0 0 0 0 0
0 -1 0 0 0 0 0
0 -1 0 0 0 0 0
8 -1 0 0 0 0 0
8 -1 0 0 0 0 0
9 -1 0 0 0 0 0
9 -1 0 0 0 0 0
6 -1 0 0 0 0 0
0 -1 0 0 0 0 0
6 -1 0 0 0 0 0
0 -1 0 0 0 0 0
8 -1 0 0 0 0 0
8 -1 0 0 0 0 0
8 -1 0 0 0 0 0
0 -1 0 0 0 0 0
6 -1 0 0 0 0 0
0 -1 0 0 0 0 0
6 -1 0 0 0 0 0
9 -1 0 0 0 0 0
9 -1 0 0 0 0 0
6 -1 0 0 0 0 0
0 -1 0 0 0 0 0
0 -1 0 0 0 0 0
0 -1 0 0 0 0 0
8 -1 0 0 0 0 0
0 -1 0 0 0 0 0
9 -1 0 0 0 0 0
8 -1 0 0 0 0 0
9 -1 0 0 0 0 0
0 -1 0 0 0 0 0
8 -1 0 0 0 0 0
0 -1 0 0 0 0 0
0 -1 0 0 0 0 0
0 -1 0 0 0 0 0
6 -1 0 0 0 0 0
8 -1 0 0 0 0 0
0 -1 0 0 0 0 0
0 -1 0 0 0 0 0
0 -1 0 0 0 0 0
8 -1 0 0 0 0 0
0 -1 0 0 0 0 0
8 -1 0 0 0 0 0
10 -1 0 0 0 0 0
8 -1 0 0 0 0 0
0 -1 0 0 0 0 0
8 -1 0 0 0 0 0
0 -1 0 0 0 0 0
0 -1 0 0 0 0 0
0 -1 0 0 0 0 0
8 -1 0 0 0 0 0
130 65
6 -1 0 0 0 0 0
1 1 1 0 0 1 0
0 -1 0 0 0 0 0
8 -1 0 0 0 0 0
9 -1 0 0 0 0 0
0 -1 0 0 0 0 0
0 -1 0 0 0 0 0
10 -1 0 0 0 0 0
0 -1 0 0 0 0 0
0 -1 0 0 0 0 0
9 -1 0 0 0 0 0
8 -1 0 0 0 0 0
0 -1 0 0 0 0 0
0 -1 0 0 0 0 0
6 0 1 0 0 0 0
1 1 1 0 0 1 0
1 1 0 0 1 1 0
8 1 1 0 0 1 0
8 0 1 0 0 0 0
6 0 0 0 0 0 0
8 0 0 0 0 0 0
8 0 0 0 0 0 0
9 0 0 0 0 0 0
8 0 0 0 0 0 0
8 0 0 0 0 0 0
6 0 0 0 0 0 0
8 0 0 0 0 0 0
7 0 0 0 0 0 0
0 -1 0 0 0 0 0
0 -1 0 0 0 0 0
8 -1 0 0 0 0 0
9 1 0 0 1 1 0
9 0 1 0 0 0 0
9 0 3 0 0 0 0
8 0 0 0 0 0 0
9 0 0 0 0 0 0
8 0 0 0 0 0 0
8 0 1 0 0 0 0
8 0 1 0 0 0 0
9 0 0 0 0 0 0
8 0 0 0 0 0 0
9 0 0 0 0 0 0
9 0 1 0 0 0 0
8 0 0 0 0 0 0
8 0 0 0 0 0 0
8 -1 0 0 0 0 0
8 -1 0 0 0 0 0
0 -1 0 0 0 0 0
0 -1 0 0 0 0 0
6 -1 0 0 0 0 0
8 -1 0 0 0 0 0
8 -1 0 0 0 0 0
10 -1 0 0 0 0 0
8 -1 0 0 0 0 0
8 -1 0 0 0 0 0
6 -1 0 0 0 0 0
0 -1 0 0 0 0 0
0 -1 0 0 0 0 0
8 -1 0 0 0 0 0
8 -1 0 0 0 0 0
9 -1 0 0 0 0 0
9 -1 0 0 0 0 0
6 -1 0 0 0 0 0
0 -1 0 0 0 0 0
6 -1 0 0 0 0 0
0 -1 0 0 0 0 0
8 -1 0 0 0 0 0
8 -1 0 0 0 0 0
8 -1 0 0 0 0 0
0 -1 0 0 0 0 0
6 -1 0 0 0 0 0
0 -1 0 0 0 0 0
6 -1 0 0 0 0 0
9 -1 0 0 0 0 0
9 -1 0 0 0 0 0
6 -1 0 0 0 0 0
0 -1 0 0 0 0 0
0 -1 0 0 0 0 0
0 -1 0 0 0 0 0
8 -1 0 0 0 0 0
0 -1 0 0 0 0 0
9 -1 0 0 0 0 0
8 -1 0 0 0 0 0
9 -1 0 0 0 0 0
0 -1 0 0 0 0 0
8 -1 0 0 0 0 0
0 -1 0 0 0 0 0
0 -1 0 0 0 0 0
0 -1 0 0 0 0 0
6 -1 0 0 0 0 0
8 -1 0 0 0 0 0
0 -1 0 0 0 0 0
0 -1 0 0 0 0 0
0 -1 0 0 0 0 0
8 -1 0 0 0 0 0
0 -1 0 0 0 0 0
8 -1 0 0 0 0 0
10 -1 0 0 0 0 0
8 -1 0 0 0 0 0
0 -1 0 0 0 0 0
8 -1 0 0 0 0 0
0 -1 0 0 0 0 0
0 -1 0 0 0 0 0
0 -1 0 0 0 0 0
8 -1 0 0 0 0 0
140 65
6 -1 0 0 0 0 0
1 1 1 0 0 1 0
0 -1 0 0 0 0 0
8 -1 0 0 0 0 0
9 -1 0 0 0 0 0
0 -1 0 0 0 0 0
0 -1 0 0 0 0 0
10 -1 0 0 0 0 0
0 -1 0 0 0 0 0
0 -1 0 0 0 0 0
9 -1 0 0 0 0 0
8 -1 0 0 0 0 0
0 -1 0 0 0 0 0
0 -1 0 0 0 0 0
6 0 1 0 0 0 0
1 1 1 0 0 1 0
1 1 0 0 1 1 0
8 1 1 0 0 1 0
8 0 0 0 0 0 0
6 0 0 0 0 0 0
8 0 0 0 0 0 0
8 0 0 0 0 0 0
9 0 0 0 0 0 0
8 0 0 0 0 0 0
8 0 0 0 0 0 0
6 0 0 0 0 0 0
8 0 0 0 0 0 0
7 0 0 0 0 0 0
0 -1 0 0 0 0 0
0 -1 0 0 0 0 0
8 -1 0 0 0 0 0
9 0 1 0 0 0 0
9 0 1 0 0 0 0
9 0 3 0 0 0 0
8 0 0 0 0 0 0
9 0 0 0 0 0 0
8 0 2 0 0 0 0
8 0 1 0 0 0 0
8 0 0 0 0 0 0
9 0 0 0 0 0 0
8 0 0 0 0 0 0
9 0 1 0 0 0 0
9 0 0 0 0 0 0
8 0 0 0 0 0 0
8 0 0 0 0 0 0
8 -1 0 0 0 0 0
8 -1 0 0 0 0 0
0 -1 0 0 0 0 0
0 -1 0 0 0 0 0
6 -1 0 0 0 0 0
8 -1 0 0 0 0 0
8 -1 0 0 0 0 0
10 -1 0 0 0 0 0
8 -1 0 0 0 0 0
8 -1 0 0 0 0 0
6 -1 0 0 0 0 0
0 -1 0 0 0 0 0
0 -1 0 0 0 0 0
8 -1 0 0 0 0 0
8 -1 0 0 0 0 0
9 -1 0 0 0 0 0
9 -1 0 0 0 0 0
6 -1 0 0 0 0 0
0 -1 0 0 0 0 0
6 -1 0 0 0 0 0
0 -1 0 0 0 0 0
8 -1 0 0 0 0 0
8 -1 0 0 0 0 0
8 -1 0 0 0 0 0
0 -1 0 0 0 0 0
6 -1 0 0 0 0 0
0 -1 0 0 0 0 0
6 -1 0 0 0 0 0
9 -1 0 0 0 0 0
9 -1 0 0 0 0 0
6 -1 0 0 0 0 0
0 -1 0 0 0 0 0
0 -1 0 0 0 0 0
0 -1 0 0 0 0 0
8 -1 0 0 0 0 0
0 -1 0 0 0 0 0
9 -1 0 0 0 0 0
8 -1 0 0 0 0 0
9 -1 0 0 0 0 0
0 -1 0 0 0 0 0
8 -1 0 0 0 0 0
0 -1 0 0 0 0 0
0 -1 0 0 0 0 0
0 -1 0 0 0 0 0
6 -1 0 0 0 0 0
8 -1 0 0 0 0 0
0 -1 0 0 0 0 0
0 -1 0 0 0 0 0
0 -1 0 0 0 0 0
8 -1 0 0 0 0 0
0 -1 0 0 0 0 0
8 -1 0 0 0 0 0
10 -1 0 0 0 0 0
8 -1 0 0 0 0 0
0 -1 0 0 0 0 0
8 -1 0 0 0 0 0
0 -1 0 0 0 0 0
0 -1 0 0 0 0 0
0 -1 0 0 0 0 0
8 -1 0 0 0 0 0
150 65
6 -1 0 0 0 0 0
1 1 1 0 0 1 0
0 -1 0 0 0 0 0
8 -1 0 0 0 0 0
9 -1 0 0 0 0 0
0 -1 0 0 0 0 0
0 -1 0 0 0 0 0
10 -1 0 0 0 0 0
0 -1 0 0 0 0 0
0 -1 0 0 0 0 0
9 -1 0 0 0 0 0
8 -1 0 0 0 0 0
0 -1 0 0 0 0 0
0 -1 0 0 0 0 0
6 0 1 0 0 0 0
1 1 1 0 0 1 0
1 1 0 0 1 1 0
8 1 0 0 1 1 0
8 0 1 0 0 0 0
6 0 0 0 0 0 0
8 0 0 0 0 0 0
8 0 0 0 0 0 0
9 0 0 0 0 0 0
8 0 0 0 0 0 0
8 0 0 0 0 0 0
6 0 0 0 0 0 0
8 0 0 0 0 0 0
7 0 0 0 0 0 0
0 -1 0 0 0 0 0
0 -1 0 0 0 0 0
8 -1 0 0 0 0 0
9 0 0 0 0 0 0
9 0 1 0 0 0 0
9 0 2 0 0 0 0
8 0 1 0 0 0 0
9 0 1 0 0 0 0
8 0 2 0 0 0 0
8 0 0 0 0 0 0
8 0 0 0 0 0 0
9 0 0 0 0 0 0
8 0 1 0 0 0 0
9 0 0 0 0 0 0
9 0 0 0 0 0 0
8 0 0 0 0 0 0
8 0 0 0 0 0 0
8 -1 0 0 0 0 0
8 -1 0 0 0 0 0
0 -1 0 0 0 0 0
0 -1 0 0 0 0 0
6 -1 0 0 0 0 0
8 -1 0 0 0 0 0
8 -1 0 0 0 0 0
10 -1 0 0 0 0 0
8 -1 0 0 0 0 0
8 -1 0 0 0 0 0
6 -1 0 0 0 0 0
0 -1 0 0 0 0 0
0 -1 0 0 0 0 0
8 -1 0 0 0 0 0
8 -1 0 0 0 0 0
9 -1 0 0 0 0 0
9 -1 0 0 0 0 0
6 -1 0 0 0 0 0
0 -1 0 0 0 0 0
6 -1 0 0 0 0 0
0 -1 0 0 0 0 0
8 -1 0 0 0 0 0
8 -1 0 0 0 0 0
8 -1 0 0 0 0 0
0 -1 0 0 0 0 0
6 -1 0 0 0 0 0
0 -1 0 0 0 0 0
6 -1 0 0 0 0 0
9 -1 0 0 0 0 0
9 -1 0 0 0 0 0
6 -1 0 0 0 0 0
0 -1 0 0 0 0 0
0 -1 0 0 0 0 0
0 -1 0 0 0 0 0
8 -1 0 0 0 0 0
0 -1 0 0 0 0 0
9 -1 0 0 0 0 0
8 -1 0 0 0 0 0
9 -1 0 0 0 0 0
0 -1 0 0 0 0 0
8 -1 0 0 0 0 0
0 -1 0 0 0 0 0
0 -1 0 0 0 0 0
0 -1 0 0 0 0 0
6 -1 0 0 0 0 0
8 -1 0 0 0 0 0
0 -1 0 0 0 0 0
0 -1 0 0 0 0 0
0 -1 0 0 0 0 0
8 -1 0 0 0 0 0
0 -1 0 0 0 0 0
8 -1 0 0 0 0 0
10 -1 0 0 0 0 0
8 -1 0 0 0 0 0
0 -1 0 0 0 0 0
8 -1 0 0 0 0 0
0 -1 0 0 0 0 0
0 -1 0 0 0 0 0
0 -1 0 0 0 0 0
8 -1 0 0 0 0 0
160 65
6 -1 0 0 0 0 0
1 1 1 0 0 1 0
0 -1 0 0 0 0 0
8 -1 0 0 0 0 0
9 -1 0 0 0 0 0
0 -1 0 0 0 0 0
0 -1 0 0 0 0 0
10 -1 0 0 0 0 0
0 -1 0 0 0 0 0
0 -1 0 0 0 0 0
9 -1 0 0 0 0 0
8 -1 0 0 0 0 0
0 -1 0 0 0 0 0
0 -1 0 0 0 0 0
6 0 1 0 0 0 0
1 1 1 0 0 1 0
1 1 0 0 1 1 0
8 0 2 0 0 0 0
8 0 1 0 0 0 0
6 0 0 0 0 0 0
8 0 0 0 0 0 0
8 0 0 0 0 0 0
9 0 0 0 0 0 0
8 0 0 0 0 0 0
8 0 0 0 0 0 0
6 0 0 0 0 0 0
8 0 0 0 0 0 0
7 0 0 0 0 0 0
0 -1 0 0 0 0 0
0 -1 0 0 0 0 0
8 -1 0 0 0 0 0
9 0 0 0 0 0 0
9 0 0 0 0 0 0
9 0 2 0 0 0 0
8 0 1 0 0 0 0
9 0 1 0 0 0 0
8 0 1 0 0 0 0
8 0 0 0 0 0 0
8 0 0 0 0 0 0
9 0 1 0 0 0 0
8 0 0 0 0 0 0
9 0 0 0 0 0 0
9 0 0 0 0 0 0
8 0 0 0 0 0 0
8 0 1 0 0 0 0
8 -1 0 0 0 0 0
8 -1 0 0 0 0 0
0 -1 0 0 0 0 0
0 -1 0 0 0 0 0
6 -1 0 0 0 0 0
8 -1 0 0 0 0 0
8 -1 0 0 0 0 0
10 -1 0 0 0 0 0
8 -1 0 0 0 0 0
8 -1 0 0 0 0 0
6 -1 0 0 0 0 0
0 -1 0 0 0 0 0
0 -1 0 0 0 0 0
8 -1 0 0 0 0 0
8 -1 0 0 0 0 0
9 -1 0 0 0 0 0
9 -1 0 0 0 0 0
6 -1 0 0 0 0 0
0 -1 0 0 0 0 0
6 -1 0 0 0 0 0
0 -1 0 0 0 0 0
8 -1 0 0 0 0 0
8 -1 0 0 0 0 0
8 -1 0 0 0 0 0
0 -1 0 0 0 0 0
6 -1 0 0 0 0 0
0 -1 0 0 0 0 0
6 -1 0 0 0 0 0
9 -1 0 0 0 0 0
9 -1 0 0 0 0 0
6 -1 0 0 0 0 0
0 -1 0 0 0 0 0
0 -1 0 0 0 0 0
0 -1 0 0 0 0 0
8 -1 0 0 0 0 0
0 -1 0 0 0 0 0
9 -1 0 0 0 0 0
8 -1 0 0 0 0 0
9 -1 0 0 0 0 0
0 -1 0 0 0 0 0
8 -1 0 0 0 0 0
0 -1 0 0 0 0 0
0 -1 0 0 0 0 0
0 -1 0 0 0 0 0
6 -1 0 0 0 0 0
8 -1 0 0 0 0 0
0 -1 0 0 0 0 0
0 -1 0 0 0 0 0
0 -1 0 0 0 0 0
8 -1 0 0 0 0 0
0 -1 0 0 0 0 0
8 -1 0 0 0 0 0
10 -1 0 0 0 0 0
8 -1 0 0 0 0 0
0 -1 0 0 0 0 0
8 -1 0 0 0 0 0
0 -1 0 0 0 0 0
0 -1 0 0 0 0 0
0 -1 0 0 0 0 0
8 -1 0 0 0 0 0
170 65
6 -1 0 0 0 0 0
1 1 1 0 0 1 0
0 -1 0 0 0 0 0
8 -1 0 0 0 0 0
9 -1 0 0 0 0 0
0 -1 0 0 0 0 0
0 -1 0 0 0 0 0
10 -1 0 0 0 0 0
0 -1 0 0 0 0 0
0 -1 0 0 0 0 0
9 -1 0 0 0 0 0
8 -1 0 0 0 0 0
0 -1 0 0 0 0 0
0 -1 0 0 0 0 0
6 0 1 0 0 0 0
1 1 1 0 0 1 0
1 0 1 0 0 0 0
8 0 2 0 0 0 0
8 0 0 0 0 0 0
6 0 0 0 0 0 0
8 0 0 0 0 0 0
8 0 0 0 0 0 0
9 0 0 0 0 0 0
8 0 0 0 0 0 0
8 0 0 0 0 0 0
6 0 0 0 0 0 0
8 0 0 0 0 0 0
7 0 0 0 0 0 0
0 -1 0 0 0 0 0
0 -1 0 0 0 0 0
8 -1 0 0 0 0 0
9 0 0 0 0 0 0
9 0 1 0 0 0 0
9 0 2 0 0 0 0
8 0 1 0 0 0 0
9 0 2 0 0 0 0
8 0 0 0 0 0 0
8 0 0 0 0 0 0
8 0 1 0 0 0 0
9 0 0 0 0 0 0
8 0 0 0 0 0 0
9 0 0 0 0 0 0
9 0 0 0 0 0 0
8 0 1 0 0 0 0
8 0 0 0 0 0 0
8 -1 0 0 0 0 0
8 -1 0 0 0 0 0
0 -1 0 0 0 0 0
0 -1 0 0 0 0 0
6 -1 0 0 0 0 0
8 -1 0 0 0 0 0
8 -1 0 0 0 0 0
10 -1 0 0 0 0 0
8 -1 0 0 0 0 0
8 -1 0 0 0 0 0
6 -1 0 0 0 0 0
0 -1 0 0 0 0 0
0 -1 0 0 0 0 0
8 -1 0 0 0 0 0
8 -1 0 0 0 0 0
9 -1 0 0 0 0 0
9 -1 0 0 0 0 0
6 -1 0 0 0 0 0
0 -1 0 0 0 0 0
6 -1 0 0 0 0 0
0 -1 0 0 0 0 0
8 -1 0 0 0 0 0
8 -1 0 0 0 0 0
8 -1 0 0 0 0 0
0 -1 0 0 0 0 0
6 -1 0 0 0 0 0
0 -1 0 0 0 0 0
6 -1 0 0 0 0 0
9 -1 0 0 0 0 0
9 -1 0 0 0 0 0
6 -1 0 0 0 0 0
0 -1 0 0 0 0 0
0 -1 0 0 0 0 0
0 -1 0 0 0 0 0
8 -1 0 0 0 0 0
0 -1 0 0 0 0 0
9 -1 0 0 0 0 0
8 -1 0 0 0 0 0
9 -1 0 0 0 0 0
0 -1 0 0 0 0 0
8 -1 0 0 0 0 0
0 -1 0 0 0 0 0
0 -1 0 0 0 0 0
0 -1 0 0 0 0 0
6 -1 0 0 0 0 0
8 -1 0 0 0 0 0
0 -1 0 0 0 0 0
0 -1 0 0 0 0 0
0 -1 0 0 0 0 0
8 -1 0 0 0 0 0
0 -1 0 0 0 0 0
8 -1 0 0 0 0 0
10 -1 0 0 0 0 0
8 -1 0 0 0 0 0
0 -1 0 0 0 0 0
8 -1 0 0 0 0 0
0 -1 0 0 0 0 0
0 -1 0 0 0 0 0
0 -1 0 0 0 0 0
8 -1 0 0 0 0 0
180 65
6 -1 0 0 0 0 0
1 1 1 0 0 1 0
0 -1 0 0 0 0 0
8 -1 0 0 0 0 0
9 -1 0 0 0 0 0
0 -1 0 0 0 0 0
0 -1 0 0 0 0 0
10 -1 0 0 0 0 0
0 -1 0 0 0 0 0
0 -1 0 0 0 0 0
9 -1 0 0 0 0 0
8 -1 0 0 0 0 0
0 -1 0 0 0 0 0
0 -1 0 0 0 0 0
6 0 1 0 0 0 0
1 1 0 0 1 1 0
1 0 1 0 0 0 0
8 0 1 0 0 0 0
8 0 0 0 0 0 0
6 0 0 0 0 0 0
8 0 0 0 0 0 0
8 0 0 0 0 0 0
9 0 0 0 0 0 0
8 0 1 0 0 0 0
8 0 0 0 0 0 0
6 0 0 0 0 0 0
8 0 0 0 0 0 0
7 0 0 0 0 0 0
0 -1 0 0 0 0 0
0 -1 0 0 0 0 0
8 -1 0 0 0 0 0
9 0 1 0 0 0 0
9 0 1 0 0 0 0
9 0 2 0 0 0 0
8 0 1 0 0 0 0
9 0 1 0 0 0 0
8 0 0 0 0 0 0
8 0 1 0 0 0 0
8 0 0 0 0 0 0
9 0 0 0 0 0 0
8 0 0 0 0 0 0
9 0 0 0 0 0 0
9 0 1 0 0 0 0
8 0 0 0 0 0 0
8 0 0 0 0 0 0
8 -1 0 0 0 0 0
8 -1 0 0 0 0 0
0 -1 0 0 0 0 0
0 -1 0 0 0 0 0
6 -1 0 0 0 0 0
8 -1 0 0 0 0 0
8 -1 0 0 0 0 0
10 -1 0 0 0 0 0
8 -1 0 0 0 0 0
8 -1 0 0 0 0 0
6 -1 0 0 0 0 0
0 -1 0 0 0 0 0
0 -1 0 0 0 0 0
8 -1 0 0 0 0 0
8 -1 0 0 0 0 0
9 -1 0 0 0 0 0
9 -1 0 0 0 0 0
6 -1 0 0 0 0 0
0 -1 0 0 0 0 0
6 -1 0 0 0 0 0
0 -1 0 0 0 0 0
8 -1 0 0 0 0 0
8 -1 0 0 0 0 0
8 -1 0 0 0 0 0
0 -1 0 0 0 0 0
6 -1 0 0 0 0 0
0 -1 0 0 0 0 0
6 -1 0 0 0 0 0
9 -1 0 0 0 0 0
9 -1 0 0 0 0 0
6 -1 0 0 0 0 0
0 -1 0 0 0 0 0
0 -1 0 0 0 0 0
0 -1 0 0 0 0 0
8 -1 0 0 0 0 0
0 -1 0 0 0 0 0
9 -1 0 0 0 0 0
8 -1 0 0 0 0 0
9 -1 0 0 0 0 0
0 -1 0 0 0 0 0
8 -1 0 0 0 0 0
0 -1 0 0 0 0 0
0 -1 0 0 0 0 0
0 -1 0 0 0 0 0
6 -1 0 0 0 0 0
8 -1 0 0 0 0 0
0 -1 0 0 0 0 0
0 -1 0 0 0 0 0
0 -1 0 0 0 0 0
8 -1 0 0 0 0 0
0 -1 0 0 0 0 0
8 -1 0 0 0 0 0
10 -1 0 0 0 0 0
8 -1 0 0 0 0 0
0 -1 0 0 0 0 0
8 -1 0 0 0 0 0
0 -1 0 0 0 0 0
0 -1 0 0 0 0 0
0 -1 0 0 0 0 0
8 -1 0 0 0 0 0
190 65
6 -1 0 0 0 0 0
1 1 1 0 0 1 0
0 -1 0 0 0 0 0
8 -1 0 0 0 0 0
9 -1 0 0 0 0 0
0 -1 0 0 0 0 0
0 -1 0 0 0 0 0
10 -1 0 0 0 0 0
0 -1 0 0 0 0 0
0 -1 0 0 0 0 0
9 -1 0 0 0 0 0
8 -1 0 0 0 0 0
0 -1 0 0 0 0 0
0 -1 0 0 0 0 0
6 0 1 0 0 0 0
1 0 1 0 0 0 0
1 0 2 0 0 0 0
8 0 0 0 0 0 0
8 0 0 0 0 0 0
6 0 0 0 0 0 0
8 0 0 0 0 0 0
8 0 0 0 0 0 0
9 0 1 0 0 0 0
8 0 0 0 0 0 0
8 0 0 0 0 0 0
6 0 0 0 0 0 0
8 0 1 0 0 0 0
7 0 0 0 0 0 0
0 -1 0 0 0 0 0
0 -1 0 0 0 0 0
8 -1 0 0 0 0 0
9 0 1 0 0 0 0
9 0 1 0 0 0 0
9 0 2 0 0 0 0
8 0 1 0 0 0 0
9 0 0 0 0 0 0
8 0 1 0 0 0 0
8 0 0 0 0 0 0
8 0 0 0 0 0 0
9 0 0 0 0 0 0
8 0 0 0 0 0 0
9 0 1 0 0 0 0
9 0 0 0 0 0 0
8 0 0 0 0 0 0
8 0 0 0 0 0 0
8 -1 0 0 0 0 0
8 -1 0 0 0 0 0
0 -1 0 0 0 0 0
0 -1 0 0 0 0 0
6 -1 0 0 0 0 0
8 -1 0 0 0 0 0
8 -1 0 0 0 0 0
10 -1 0 0 0 0 0
8 -1 0 0 0 0 0
8 -1 0 0 0 0 0
6 -1 0 0 0 0 0
0 -1 0 0 0 0 0
0 -1 0 0 0 0 0
8 -1 0 0 0 0 0
8 -1 0 0 0 0 0
9 -1 0 0 0 0 0
9 -1 0 0 0 0 0
6 -1 0 0 0 0 0
0 -1 0 0 0 0 0
6 -1 0 0 0 0 0
0 -1 0 0 0 0 0
8 -1 0 0 0 0 0
8 -1 0 0 0 0 0
8 -1 0 0 0 0 0
0 -1 0 0 0 0 0
6 -1 0 0 0 0 0
0 -1 0 0 0 0 0
6 -1 0 0 0 0 0
9 -1 0 0 0 0 0
9 -1 0 0 0 0 0
6 -1 0 0 0 0 0
0 -1 0 0 0 0 0
0 -1 0 0 0 0 0
0 -1 0 0 0 0 0
8 -1 0 0 0 0 0
0 -1 0 0 0 0 0
9 -1 0 0 0 0 0
8 -1 0 0 0 0 0
9 -1 0 0 0 0 0
0 -1 0 0 0 0 0
8 -1 0 0 0 0 0
0 -1 0 0 0 0 0
0 -1 0 0 0 0 0
0 -1 0 0 0 0 0
6 -1 0 0 0 0 0
8 -1 0 0 0 0 0
0 -1 0 0 0 0 0
0 -1 0 0 0 0 0
0 -1 0 0 0 0 0
8 -1 0 0 0 0 0
0 -1 0 0 0 0 0
8 -1 0 0 0 0 0
10 -1 0 0 0 0 0
8 -1 0 0 0 0 0
0 -1 0 0 0 0 0
8 -1 0 0 0 0 0
0 -1 0 0 0 0 0
0 -1 0 0 0 0 0
0 -1 0 0 0 0 0
8 -1 0 0 0 0 0
200 65
6 0 1 0 0 0 0
1 1 0 0 1 1 0
0 -1 0 0 0 0 0
8 -1 0 0 0 0 0
9 -1 0 0 0 0 0
0 -1 0 0 0 0 0
0 -1 0 0 0 0 0
10 -1 0 0 0 0 0
0 -1 0 0 0 0 0
0 -1 0 0 0 0 0
9 -1 0 0 0 0 0
8 -1 0 0 0 0 0
0 -1 0 0 0 0 0
0 -1 0 0 0 0 0
6 0 1 0 0 0 0
1 0 0 0 0 0 0
1 0 2 0 0 0 0
8 0 1 0 0 0 0
8 0 0 0 0 0 0
6 0 0 0 0 0 0
8 0 0 0 0 0 0
8 0 1 0 0 0 0
9 0 1 0 0 0 0
8 0 0 0 0 0 0
8 0 0 0 0 0 0
6 0 1 0 0 0 0
8 0 0 0 0 0 0
7 0 0 0 0 0 0
0 -1 0 0 0 0 0
0 -1 0 0 0 0 0
8 -1 0 0 0 0 0
9 0 0 0 0 0 0
9 0 1 0 0 0 0
9 0 2 0 0 0 0
8 0 0 0 0 0 0
9 0 1 0 0 0 0
8 0 0 0 0 0 0
8 0 0 0 0 0 0
8 0 0 0 0 0 0
9 0 0 0 0 0 0
8 0 1 0 0 0 0
9 0 0 0 0 0 0
9 0 0 0 0 0 0
8 0 0 0 0 0 0
8 0 0 0 0 0 0
8 -1 0 0 0 0 0
8 -1 0 0 0 0 0
0 -1 0 0 0 0 0
0 -1 0 0 0 0 0
6 -1 0 0 0 0 0
8 -1 0 0 0 0 0
8 -1 0 0 0 0 0
10 -1 0 0 0 0 0
8 -1 0 0 0 0 0
8 -1 0 0 0 0 0
6 -1 0 0 0 0 0
0 -1 0 0 0 0 0
0 -1 0 0 0 0 0
8 -1 0 0 0 0 0
8 -1 0 0 0 0 0
9 -1 0 0 0 0 0
9 -1 0 0 0 0 0
6 -1 0 0 0 0 0
0 -1 0 0 0 0 0
6 -1 0 0 0 0 0
0 -1 0 0 0 0 0
8 -1 0 0 0 0 0
8 -1 0 0 0 0 0
8 -1 0 0 0 0 0
0 -1 0 0 0 0 0
6 -1 0 0 0 0 0
0 -1 0 0 0 0 0
6 -1 0 0 0 0 0
9 -1 0 0 0 0 0
9 -1 0 0 0 0 0
6 -1 0 0 0 0 0
0 -1 0 0 0 0 0
0 -1 0 0 0 0 0
0 -1 0 0 0 0 0
8 -1 0 0 0 0 0
0 -1 0 0 0 0 0
9 -1 0 0 0 0 0
8 -1 0 0 0 0 0
9 -1 0 0 0 0 0
0 -1 0 0 0 0 0
8 -1 0 0 0 0 0
0 -1 0 0 0 0 0
0 -1 0 0 0 0 0
0 -1 0 0 0 0 0
6 -1 0 0 0 0 0
8 -1 0 0 0 0 0
0 -1 0 0 0 0 0
0 -1 0 0 0 0 0
0 -1 0 0 0 0 0
8 -1 0 0 0 0 0
0 -1 0 0 0 0 0
8 -1 0 0 0 0 0
10 -1 0 0 0 0 0
8 -1 0 0 0 0 0
0 -1 0 0 0 0 0
8 -1 0 0 0 0 0
0 -1 0 0 0 0 0
0 -1 0 0 0 0 0
0 -1 0 0 0 0 0
8 -1 0 0 0 0 0