15 7
10 10
0 -1 0 0 0 0 0
4 -1 0 0 0 0 0
9 -1 0 0 0 0 0
10 -1 0 0 0 0 0
9 -1 0 0 0 0 0
10 -1 0 0 0 0 0
6 -1 0 0 0 0 0
9 -1 0 0 0 0 0
6 -1 0 0 0 0 0
10 -1 0 0 0 0 0
9 -1 0 0 0 0 0
10 -1 0 0 0 0 0
9 -1 0 0 0 0 0
4 -1 0 0 0 0 0
0 -1 0 0 0 0 0
10 -1 0 0 0 0 0
0 -1 0 0 0 0 0
4 -1 0 0 0 0 0
4 -1 0 0 0 0 0
10 -1 0 0 0 0 0
6 -1 0 0 0 0 0
9 -1 0 0 0 0 0
10 -1 0 0 0 0 0
9 -1 0 0 0 0 0
6 -1 0 0 0 0 0
10 -1 0 0 0 0 0
4 -1 0 0 0 0 0
4 -1 0 0 0 0 0
0 -1 0 0 0 0 0
10 -1 0 0 0 0 0
8 -1 0 0 0 0 0
6 -1 0 0 0 0 0
8 -1 0 0 0 0 0
6 0 1 0 0 0 0
10 -1 0 0 0 0 0
9 -1 0 0 0 0 0
4 -1 0 0 0 0 0
8 -1 0 0 0 0 0
4 -1 0 0 0 0 0
9 -1 0 0 0 0 0
10 -1 0 0 0 0 0
6 1 1 0 0 1 0
8 -1 0 0 0 0 0
6 -1 0 0 0 0 0
8 -1 0 0 0 0 0
6 -1 0 0 0 0 0
10 -1 0 0 0 0 0
6 0 1 0 0 0 0
10 0 0 0 0 0 0
6 0 1 0 0 0 0
10 -1 0 0 0 0 0
8 -1 0 0 0 0 0
8 -1 0 0 0 0 0
8 -1 0 0 0 0 0
10 -1 0 0 0 0 0
6 1 1 0 0 1 0
10 1 0 0 1 1 0
6 1 1 0 0 1 0
10 -1 0 0 0 0 0
6 -1 0 0 0 0 0
0 -1 0 0 0 0 0
8 -1 0 0 0 0 0
8 -1 0 0 0 0 0
8 0 1 0 0 0 0
4 -1 0 0 0 0 0
8 -1 0 0 0 0 0
9 -1 0 0 0 0 0
10 -1 0 0 0 0 0
9 -1 0 0 0 0 0
8 -1 0 0 0 0 0
4 -1 0 0 0 0 0
8 1 1 0 0 1 0
8 -1 0 0 0 0 0
8 -1 0 0 0 0 0
0 -1 0 0 0 0 0
6 -1 0 0 0 0 0
8 -1 0 0 0 0 0
8 -1 0 0 0 0 0
10 -1 0 0 0 0 0
9 -1 0 0 0 0 0
9 -1 0 0 0 0 0
6 -1 0 0 0 0 0
9 -1 0 0 0 0 0
6 -1 0 0 0 0 0
9 -1 0 0 0 0 0
9 -1 0 0 0 0 0
10 -1 0 0 0 0 0
8 -1 0 0 0 0 0
8 -1 0 0 0 0 0
6 -1 0 0 0 0 0
10 -1 0 0 0 0 0
0 -1 0 0 0 0 0
4 -1 0 0 0 0 0
4 -1 0 0 0 0 0
4 -1 0 0 0 0 0
4 -1 0 0 0 0 0
10 -1 0 0 0 0 0
8 -1 0 0 0 0 0
10 -1 0 0 0 0 0
4 -1 0 0 0 0 0
4 -1 0 0 0 0 0
4 -1 0 0 0 0 0
4 -1 0 0 0 0 0
0 -1 0 0 0 0 0
10 -1 0 0 0 0 0
20 15
0 -1 0 0 0 0 0
4 -1 0 0 0 0 0
9 -1 0 0 0 0 0
10 -1 0 0 0 0 0
9 -1 0 0 0 0 0
10 -1 0 0 0 0 0
6 -1 0 0 0 0 0
9 -1 0 0 0 0 0
6 -1 0 0 0 0 0
10 -1 0 0 0 0 0
9 -1 0 0 0 0 0
10 -1 0 0 0 0 0
9 -1 0 0 0 0 0
4 -1 0 0 0 0 0
0 -1 0 0 0 0 0
10 -1 0 0 0 0 0
0 -1 0 0 0 0 0
4 -1 0 0 0 0 0
4 -1 0 0 0 0 0
10 -1 0 0 0 0 0
6 -1 0 0 0 0 0
9 -1 0 0 0 0 0
10 -1 0 0 0 0 0
9 -1 0 0 0 0 0
6 -1 0 0 0 0 0
10 -1 0 0 0 0 0
4 -1 0 0 0 0 0
4 -1 0 0 0 0 0
0 -1 0 0 0 0 0
10 -1 0 0 0 0 0
8 -1 0 0 0 0 0
6 -1 0 0 0 0 0
8 -1 0 0 0 0 0
5 0 0 0 0 0 1
10 0 1 0 0 0 0
9 -1 0 0 0 0 0
4 -1 0 0 0 0 0
8 -1 0 0 0 0 0
4 -1 0 0 0 0 0
9 -1 0 0 0 0 0
10 -1 0 0 0 0 0
6 1 1 0 0 1 0
8 -1 0 0 0 0 0
6 -1 0 0 0 0 0
8 -1 0 0 0 0 0
6 -1 0 0 0 0 0
10 -1 0 0 0 0 0
5 0 0 0 0 0 1
9 0 0 1 0 0 1
5 0 0 0 0 0 1
10 0 1 0 0 0 0
8 -1 0 0 0 0 0
8 -1 0 0 0 0 0
8 -1 0 0 0 0 0
10 -1 0 0 0 0 0
6 1 2 0 0 1 0
10 1 0 0 1 1 0
6 1 0 0 0 1 0
10 -1 0 0 0 0 0
6 -1 0 0 0 0 0
0 -1 0 0 0 0 0
8 -1 0 0 0 0 0
8 0 1 0 0 0 0
7 0 0 0 0 0 1
4 0 1 0 0 0 0
8 -1 0 0 0 0 0
9 -1 0 0 0 0 0
10 -1 0 0 0 0 0
9 -1 0 0 0 0 0
8 -1 0 0 0 0 0
4 -1 0 0 0 0 0
8 1 1 0 0 1 0
8 -1 0 0 0 0 0
8 -1 0 0 0 0 0
0 -1 0 0 0 0 0
6 -1 0 0 0 0 0
8 -1 0 0 0 0 0
8 -1 0 0 0 0 0
10 -1 0 0 0 0 0
9 -1 0 0 0 0 0
9 -1 0 0 0 0 0
6 -1 0 0 0 0 0
9 -1 0 0 0 0 0
6 -1 0 0 0 0 0
9 -1 0 0 0 0 0
9 -1 0 0 0 0 0
10 -1 0 0 0 0 0
8 -1 0 0 0 0 0
8 -1 0 0 0 0 0
6 -1 0 0 0 0 0
10 -1 0 0 0 0 0
0 -1 0 0 0 0 0
4 -1 0 0 0 0 0
4 -1 0 0 0 0 0
4 -1 0 0 0 0 0
4 -1 0 0 0 0 0
10 -1 0 0 0 0 0
8 -1 0 0 0 0 0
10 -1 0 0 0 0 0
4 -1 0 0 0 0 0
4 -1 0 0 0 0 0
4 -1 0 0 0 0 0
4 -1 0 0 0 0 0
0 -1 0 0 0 0 0
10 -1 0 0 0 0 0
30 30
0 -1 0 0 0 0 0
4 -1 0 0 0 0 0
9 -1 0 0 0 0 0
10 -1 0 0 0 0 0
9 -1 0 0 0 0 0
10 -1 0 0 0 0 0
6 -1 0 0 0 0 0
9 -1 0 0 0 0 0
6 -1 0 0 0 0 0
10 -1 0 0 0 0 0
9 -1 0 0 0 0 0
10 -1 0 0 0 0 0
9 -1 0 0 0 0 0
4 -1 0 0 0 0 0
0 -1 0 0 0 0 0
10 -1 0 0 0 0 0
0 -1 0 0 0 0 0
4 -1 0 0 0 0 0
4 -1 0 0 0 0 0
10 -1 0 0 0 0 0
6 -1 0 0 0 0 0
9 -1 0 0 0 0 0
10 -1 0 0 0 0 0
9 -1 0 0 0 0 0
6 -1 0 0 0 0 0
10 -1 0 0 0 0 0
4 -1 0 0 0 0 0
4 -1 0 0 0 0 0
0 -1 0 0 0 0 0
10 -1 0 0 0 0 0
8 -1 0 0 0 0 0
6 -1 0 0 0 0 0
8 -1 0 0 0 0 0
4 0 0 0 0 0 1
10 0 0 0 0 0 0
9 0 1 0 0 0 0
4 -1 0 0 0 0 0
8 -1 0 0 0 0 0
4 -1 0 0 0 0 0
9 -1 0 0 0 0 0
10 -1 0 0 0 0 0
6 1 1 0 0 1 0
8 -1 0 0 0 0 0
6 -1 0 0 0 0 0
8 -1 0 0 0 0 0
6 -1 0 0 0 0 0
10 -1 0 0 0 0 0
4 0 0 0 0 0 1
8 0 0 1 0 0 1
4 0 0 0 0 0 1
10 0 0 0 0 0 0
8 0 1 0 0 0 0
8 -1 0 0 0 0 0
8 -1 0 0 0 0 0
10 -1 0 0 0 0 0
6 1 1 0 0 1 0
10 1 0 0 1 1 0
6 1 1 0 0 1 0
10 -1 0 0 0 0 0
6 -1 0 0 0 0 0
0 -1 0 0 0 0 0
8 -1 0 0 0 0 0
8 0 0 0 0 0 0
6 0 1 0 0 0 1
4 0 0 0 0 0 0
8 0 1 0 0 0 0
9 -1 0 0 0 0 0
10 -1 0 0 0 0 0
9 -1 0 0 0 0 0
8 -1 0 0 0 0 0
4 -1 0 0 0 0 0
8 1 1 0 0 1 0
8 -1 0 0 0 0 0
8 -1 0 0 0 0 0
0 -1 0 0 0 0 0
6 -1 0 0 0 0 0
8 -1 0 0 0 0 0
8 -1 0 0 0 0 0
10 -1 0 0 0 0 0
9 -1 0 0 0 0 0
9 -1 0 0 0 0 0
6 -1 0 0 0 0 0
9 -1 0 0 0 0 0
6 -1 0 0 0 0 0
9 -1 0 0 0 0 0
9 -1 0 0 0 0 0
10 -1 0 0 0 0 0
8 -1 0 0 0 0 0
8 -1 0 0 0 0 0
6 -1 0 0 0 0 0
10 -1 0 0 0 0 0
0 -1 0 0 0 0 0
4 -1 0 0 0 0 0
4 -1 0 0 0 0 0
4 -1 0 0 0 0 0
4 -1 0 0 0 0 0
10 -1 0 0 0 0 0
8 -1 0 0 0 0 0
10 -1 0 0 0 0 0
4 -1 0 0 0 0 0
4 -1 0 0 0 0 0
4 -1 0 0 0 0 0
4 -1 0 0 0 0 0
0 -1 0 0 0 0 0
10 -1 0 0 0 0 0
40 45
0 -1 0 0 0 0 0
4 -1 0 0 0 0 0
9 -1 0 0 0 0 0
10 -1 0 0 0 0 0
9 -1 0 0 0 0 0
10 -1 0 0 0 0 0
6 -1 0 0 0 0 0
9 -1 0 0 0 0 0
6 -1 0 0 0 0 0
10 -1 0 0 0 0 0
9 -1 0 0 0 0 0
10 -1 0 0 0 0 0
9 -1 0 0 0 0 0
4 -1 0 0 0 0 0
0 -1 0 0 0 0 0
10 -1 0 0 0 0 0
0 -1 0 0 0 0 0
4 -1 0 0 0 0 0
4 -1 0 0 0 0 0
10 -1 0 0 0 0 0
6 -1 0 0 0 0 0
9 -1 0 0 0 0 0
10 -1 0 0 0 0 0
9 -1 0 0 0 0 0
6 -1 0 0 0 0 0
10 -1 0 0 0 0 0
4 -1 0 0 0 0 0
4 -1 0 0 0 0 0
0 -1 0 0 0 0 0
10 -1 0 0 0 0 0
8 -1 0 0 0 0 0
6 -1 0 0 0 0 0
8 -1 0 0 0 0 0
3 0 0 0 0 0 1
10 0 0 0 0 0 0
9 0 0 0 0 0 0
4 0 1 0 0 0 0
8 -1 0 0 0 0 0
4 -1 0 0 0 0 0
9 -1 0 0 0 0 0
10 -1 0 0 0 0 0
6 1 1 0 0 1 0
8 -1 0 0 0 0 0
6 -1 0 0 0 0 0
8 -1 0 0 0 0 0
6 -1 0 0 0 0 0
10 -1 0 0 0 0 0
3 0 0 0 0 0 1
7 0 0 1 0 0 1
3 0 0 0 0 0 1
10 0 0 0 0 0 0
8 0 0 0 0 0 0
8 0 1 0 0 0 0
8 -1 0 0 0 0 0
10 -1 0 0 0 0 0
6 1 1 0 0 1 0
10 1 0 0 1 1 0
6 1 1 0 0 1 0
10 -1 0 0 0 0 0
6 -1 0 0 0 0 0
0 -1 0 0 0 0 0
8 -1 0 0 0 0 0
8 0 0 0 0 0 0
5 0 0 0 0 0 1
4 0 1 0 0 0 0
8 0 0 0 0 0 0
9 0 1 0 0 0 0
10 -1 0 0 0 0 0
9 -1 0 0 0 0 0
8 -1 0 0 0 0 0
4 -1 0 0 0 0 0
8 1 1 0 0 1 0
8 -1 0 0 0 0 0
8 -1 0 0 0 0 0
0 -1 0 0 0 0 0
6 -1 0 0 0 0 0
8 -1 0 0 0 0 0
8 -1 0 0 0 0 0
10 -1 0 0 0 0 0
9 -1 0 0 0 0 0
9 -1 0 0 0 0 0
6 -1 0 0 0 0 0
9 -1 0 0 0 0 0
6 -1 0 0 0 0 0
9 -1 0 0 0 0 0
9 -1 0 0 0 0 0
10 -1 0 0 0 0 0
8 -1 0 0 0 0 0
8 -1 0 0 0 0 0
6 -1 0 0 0 0 0
10 -1 0 0 0 0 0
0 -1 0 0 0 0 0
4 -1 0 0 0 0 0
4 -1 0 0 0 0 0
4 -1 0 0 0 0 0
4 -1 0 0 0 0 0
10 -1 0 0 0 0 0
8 -1 0 0 0 0 0
10 -1 0 0 0 0 0
4 -1 0 0 0 0 0
4 -1 0 0 0 0 0
4 -1 0 0 0 0 0
4 -1 0 0 0 0 0
0 -1 0 0 0 0 0
10 -1 0 0 0 0 0
50 60
0 -1 0 0 0 0 0
4 -1 0 0 0 0 0
9 -1 0 0 0 0 0
10 -1 0 0 0 0 0
9 -1 0 0 0 0 0
10 -1 0 0 0 0 0
6 -1 0 0 0 0 0
9 -1 0 0 0 0 0
6 -1 0 0 0 0 0
10 -1 0 0 0 0 0
9 -1 0 0 0 0 0
10 -1 0 0 0 0 0
9 -1 0 0 0 0 0
4 -1 0 0 0 0 0
0 -1 0 0 0 0 0
10 -1 0 0 0 0 0
0 -1 0 0 0 0 0
4 -1 0 0 0 0 0
4 -1 0 0 0 0 0
10 -1 0 0 0 0 0
6 -1 0 0 0 0 0
9 -1 0 0 0 0 0
10 -1 0 0 0 0 0
9 -1 0 0 0 0 0
6 -1 0 0 0 0 0
10 -1 0 0 0 0 0
4 -1 0 0 0 0 0
4 -1 0 0 0 0 0
0 -1 0 0 0 0 0
10 -1 0 0 0 0 0
8 -1 0 0 0 0 0
6 -1 0 0 0 0 0
8 -1 0 0 0 0 0
2 0 0 0 0 0 1
10 0 0 0 0 0 0
9 0 0 0 0 0 0
4 0 0 0 0 0 0
8 0 1 0 0 0 0
4 -1 0 0 0 0 0
9 -1 0 0 0 0 0
10 -1 0 0 0 0 0
6 1 1 0 0 1 0
8 -1 0 0 0 0 0
6 -1 0 0 0 0 0
8 -1 0 0 0 0 0
6 -1 0 0 0 0 0
10 -1 0 0 0 0 0
2 0 0 0 0 0 1
6 0 0 1 0 0 1
2 0 0 0 0 0 1
10 0 0 0 0 0 0
8 0 0 0 0 0 0
8 0 0 0 0 0 0
8 0 1 0 0 0 0
10 -1 0 0 0 0 0
6 1 1 0 0 1 0
10 1 0 0 1 1 0
6 1 1 0 0 1 0
10 -1 0 0 0 0 0
6 -1 0 0 0 0 0
0 -1 0 0 0 0 0
8 -1 0 0 0 0 0
8 0 0 0 0 0 0
4 0 0 0 0 0 1
4 0 0 0 0 0 0
8 0 1 0 0 0 0
9 0 0 0 0 0 0
10 0 1 0 0 0 0
9 -1 0 0 0 0 0
8 -1 0 0 0 0 0
4 -1 0 0 0 0 0
8 1 1 0 0 1 0
8 -1 0 0 0 0 0
8 -1 0 0 0 0 0
0 -1 0 0 0 0 0
6 -1 0 0 0 0 0
8 -1 0 0 0 0 0
8 -1 0 0 0 0 0
10 -1 0 0 0 0 0
9 -1 0 0 0 0 0
9 -1 0 0 0 0 0
6 -1 0 0 0 0 0
9 -1 0 0 0 0 0
6 -1 0 0 0 0 0
9 -1 0 0 0 0 0
9 -1 0 0 0 0 0
10 -1 0 0 0 0 0
8 -1 0 0 0 0 0
8 -1 0 0 0 0 0
6 -1 0 0 0 0 0
10 -1 0 0 0 0 0
0 -1 0 0 0 0 0
4 -1 0 0 0 0 0
4 -1 0 0 0 0 0
4 -1 0 0 0 0 0
4 -1 0 0 0 0 0
10 -1 0 0 0 0 0
8 -1 0 0 0 0 0
10 -1 0 0 0 0 0
4 -1 0 0 0 0 0
4 -1 0 0 0 0 0
4 -1 0 0 0 0 0
4 -1 0 0 0 0 0
0 -1 0 0 0 0 0
10 -1 0 0 0 0 0
60 75
0 -1 0 0 0 0 0
4 -1 0 0 0 0 0
9 -1 0 0 0 0 0
10 -1 0 0 0 0 0
9 -1 0 0 0 0 0
10 -1 0 0 0 0 0
6 -1 0 0 0 0 0
9 -1 0 0 0 0 0
6 -1 0 0 0 0 0
10 -1 0 0 0 0 0
9 -1 0 0 0 0 0
10 -1 0 0 0 0 0
9 -1 0 0 0 0 0
4 -1 0 0 0 0 0
0 -1 0 0 0 0 0
10 -1 0 0 0 0 0
0 -1 0 0 0 0 0
4 -1 0 0 0 0 0
4 -1 0 0 0 0 0
10 -1 0 0 0 0 0
6 -1 0 0 0 0 0
9 -1 0 0 0 0 0
10 -1 0 0 0 0 0
9 -1 0 0 0 0 0
6 -1 0 0 0 0 0
10 -1 0 0 0 0 0
4 -1 0 0 0 0 0
4 -1 0 0 0 0 0
0 -1 0 0 0 0 0
10 -1 0 0 0 0 0
8 -1 0 0 0 0 0
6 -1 0 0 0 0 0
8 -1 0 0 0 0 0
1 0 0 0 0 0 1
10 0 0 0 0 0 0
9 0 0 0 0 0 0
4 0 0 0 0 0 0
8 0 0 0 0 0 0
4 0 1 0 0 0 0
9 -1 0 0 0 0 0
10 -1 0 0 0 0 0
6 1 1 0 0 1 0
8 -1 0 0 0 0 0
6 -1 0 0 0 0 0
8 -1 0 0 0 0 0
6 -1 0 0 0 0 0
10 -1 0 0 0 0 0
1 0 0 0 0 0 1
5 0 0 1 0 0 1
1 0 0 0 0 0 1
10 0 0 0 0 0 0
8 0 0 0 0 0 0
8 0 0 0 0 0 0
8 0 0 0 0 0 0
10 0 1 0 0 0 0
6 1 1 0 0 1 0
10 1 0 0 1 1 0
6 1 1 0 0 1 0
10 -1 0 0 0 0 0
6 -1 0 0 0 0 0
0 -1 0 0 0 0 0
8 -1 0 0 0 0 0
8 0 0 0 0 0 0
3 0 0 0 0 0 1
4 0 0 0 0 0 0
8 0 0 0 0 0 0
9 0 1 0 0 0 0
10 0 0 0 0 0 0
9 0 1 0 0 0 0
8 -1 0 0 0 0 0
4 -1 0 0 0 0 0
8 1 1 0 0 1 0
8 -1 0 0 0 0 0
8 -1 0 0 0 0 0
0 -1 0 0 0 0 0
6 -1 0 0 0 0 0
8 -1 0 0 0 0 0
8 -1 0 0 0 0 0
10 -1 0 0 0 0 0
9 -1 0 0 0 0 0
9 -1 0 0 0 0 0
6 -1 0 0 0 0 0
9 -1 0 0 0 0 0
6 -1 0 0 0 0 0
9 -1 0 0 0 0 0
9 -1 0 0 0 0 0
10 -1 0 0 0 0 0
8 -1 0 0 0 0 0
8 -1 0 0 0 0 0
6 -1 0 0 0 0 0
10 -1 0 0 0 0 0
0 -1 0 0 0 0 0
4 -1 0 0 0 0 0
4 -1 0 0 0 0 0
4 -1 0 0 0 0 0
4 -1 0 0 0 0 0
10 -1 0 0 0 0 0
8 -1 0 0 0 0 0
10 -1 0 0 0 0 0
4 -1 0 0 0 0 0
4 -1 0 0 0 0 0
4 -1 0 0 0 0 0
4 -1 0 0 0 0 0
0 -1 0 0 0 0 0
10 -1 0 0 0 0 0
70 80
0 -1 0 0 0 0 0
4 -1 0 0 0 0 0
9 -1 0 0 0 0 0
10 -1 0 0 0 0 0
9 -1 0 0 0 0 0
10 -1 0 0 0 0 0
6 -1 0 0 0 0 0
9 -1 0 0 0 0 0
6 -1 0 0 0 0 0
10 -1 0 0 0 0 0
9 -1 0 0 0 0 0
10 -1 0 0 0 0 0
9 -1 0 0 0 0 0
4 -1 0 0 0 0 0
0 -1 0 0 0 0 0
10 -1 0 0 0 0 0
0 -1 0 0 0 0 0
4 -1 0 0 0 0 0
4 -1 0 0 0 0 0
10 -1 0 0 0 0 0
6 -1 0 0 0 0 0
9 -1 0 0 0 0 0
10 -1 0 0 0 0 0
9 -1 0 0 0 0 0
6 -1 0 0 0 0 0
10 -1 0 0 0 0 0
4 -1 0 0 0 0 0
4 -1 0 0 0 0 0
0 -1 0 0 0 0 0
10 -1 0 0 0 0 0
8 -1 0 0 0 0 0
6 -1 0 0 0 0 0
8 -1 0 0 0 0 0
0 -1 0 0 0 0 0
10 0 1 0 0 0 0
9 0 0 0 0 0 0
4 0 0 0 0 0 0
8 0 0 0 0 0 0
4 0 0 0 0 0 0
9 -1 0 0 0 0 0
10 -1 0 0 0 0 0
6 1 1 0 0 1 0
8 -1 0 0 0 0 0
6 -1 0 0 0 0 0
8 -1 0 0 0 0 0
6 -1 0 0 0 0 0
10 -1 0 0 0 0 0
0 -1 0 0 0 0 0
4 0 0 1 0 0 1
0 -1 0 0 0 0 0
10 0 0 0 0 0 0
8 0 0 0 0 0 0
8 0 0 0 0 0 0
8 0 1 0 0 0 0
10 0 0 0 0 0 0
6 1 0 0 1 1 0
10 1 0 0 1 1 0
6 1 1 0 0 1 0
10 -1 0 0 0 0 0
6 -1 0 0 0 0 0
0 -1 0 0 0 0 0
8 -1 0 0 0 0 0
8 0 0 0 0 0 0
2 0 0 0 0 0 1
4 0 0 0 0 0 0
8 0 0 0 0 0 0
9 0 0 0 0 0 0
10 0 1 0 0 0 0
9 0 0 0 0 0 0
8 0 1 0 0 0 0
4 -1 0 0 0 0 0
8 1 1 0 0 1 0
8 -1 0 0 0 0 0
8 -1 0 0 0 0 0
0 -1 0 0 0 0 0
6 -1 0 0 0 0 0
8 -1 0 0 0 0 0
8 -1 0 0 0 0 0
10 -1 0 0 0 0 0
9 -1 0 0 0 0 0
9 -1 0 0 0 0 0
6 -1 0 0 0 0 0
9 -1 0 0 0 0 0
6 -1 0 0 0 0 0
9 -1 0 0 0 0 0
9 -1 0 0 0 0 0
10 -1 0 0 0 0 0
8 -1 0 0 0 0 0
8 -1 0 0 0 0 0
6 -1 0 0 0 0 0
10 -1 0 0 0 0 0
0 -1 0 0 0 0 0
4 -1 0 0 0 0 0
4 -1 0 0 0 0 0
4 -1 0 0 0 0 0
4 -1 0 0 0 0 0
10 -1 0 0 0 0 0
8 -1 0 0 0 0 0
10 -1 0 0 0 0 0
4 -1 0 0 0 0 0
4 -1 0 0 0 0 0
4 -1 0 0 0 0 0
4 -1 0 0 0 0 0
0 -1 0 0 0 0 0
10 -1 0 0 0 0 0
80 82
0 -1 0 0 0 0 0
4 -1 0 0 0 0 0
9 -1 0 0 0 0 0
10 -1 0 0 0 0 0
9 -1 0 0 0 0 0
10 -1 0 0 0 0 0
6 -1 0 0 0 0 0
9 -1 0 0 0 0 0
6 -1 0 0 0 0 0
10 -1 0 0 0 0 0
9 -1 0 0 0 0 0
10 -1 0 0 0 0 0
9 -1 0 0 0 0 0
4 -1 0 0 0 0 0
0 -1 0 0 0 0 0
10 -1 0 0 0 0 0
0 -1 0 0 0 0 0
4 -1 0 0 0 0 0
4 -1 0 0 0 0 0
10 -1 0 0 0 0 0
6 -1 0 0 0 0 0
9 -1 0 0 0 0 0
10 -1 0 0 0 0 0
9 -1 0 0 0 0 0
6 -1 0 0 0 0 0
10 -1 0 0 0 0 0
4 -1 0 0 0 0 0
4 -1 0 0 0 0 0
0 -1 0 0 0 0 0
10 -1 0 0 0 0 0
8 -1 0 0 0 0 0
6 -1 0 0 0 0 0
8 -1 0 0 0 0 0
0 -1 0 0 0 0 0
10 0 0 0 0 0 0
9 0 2 0 0 0 0
4 0 0 0 0 0 0
8 0 0 0 0 0 0
4 0 0 0 0 0 0
9 -1 0 0 0 0 0
10 -1 0 0 0 0 0
6 1 1 0 0 1 0
8 -1 0 0 0 0 0
6 -1 0 0 0 0 0
8 -1 0 0 0 0 0
6 -1 0 0 0 0 0
10 -1 0 0 0 0 0
0 -1 0 0 0 0 0
3 0 0 1 0 0 1
0 -1 0 0 0 0 0
10 0 0 0 0 0 0
8 0 0 0 0 0 0
8 0 0 0 0 0 0
8 0 0 0 0 0 0
10 0 1 0 0 0 0
6 1 0 0 1 1 0
10 1 0 0 1 1 0
6 1 1 0 0 1 0
10 -1 0 0 0 0 0
6 -1 0 0 0 0 0
0 -1 0 0 0 0 0
8 -1 0 0 0 0 0
8 0 0 0 0 0 0
1 0 0 0 0 0 1
4 0 0 0 0 0 0
8 0 0 0 0 0 0
9 0 0 0 0 0 0
10 0 0 0 0 0 0
9 0 1 0 0 0 0
8 0 0 0 0 0 0
4 0 1 0 0 0 0
8 1 1 0 0 1 0
8 -1 0 0 0 0 0
8 -1 0 0 0 0 0
0 -1 0 0 0 0 0
6 -1 0 0 0 0 0
8 -1 0 0 0 0 0
8 -1 0 0 0 0 0
10 -1 0 0 0 0 0
9 -1 0 0 0 0 0
9 -1 0 0 0 0 0
6 -1 0 0 0 0 0
9 -1 0 0 0 0 0
6 -1 0 0 0 0 0
9 -1 0 0 0 0 0
9 -1 0 0 0 0 0
10 -1 0 0 0 0 0
8 -1 0 0 0 0 0
8 -1 0 0 0 0 0
6 -1 0 0 0 0 0
10 -1 0 0 0 0 0
0 -1 0 0 0 0 0
4 -1 0 0 0 0 0
4 -1 0 0 0 0 0
4 -1 0 0 0 0 0
4 -1 0 0 0 0 0
10 -1 0 0 0 0 0
8 -1 0 0 0 0 0
10 -1 0 0 0 0 0
4 -1 0 0 0 0 0
4 -1 0 0 0 0 0
4 -1 0 0 0 0 0
4 -1 0 0 0 0 0
0 -1 0 0 0 0 0
10 -1 0 0 0 0 0
90 84
0 -1 0 0 0 0 0
4 -1 0 0 0 0 0
9 -1 0 0 0 0 0
10 -1 0 0 0 0 0
9 -1 0 0 0 0 0
10 -1 0 0 0 0 0
6 -1 0 0 0 0 0
9 -1 0 0 0 0 0
6 -1 0 0 0 0 0
10 -1 0 0 0 0 0
9 -1 0 0 0 0 0
10 -1 0 0 0 0 0
9 -1 0 0 0 0 0
4 -1 0 0 0 0 0
0 -1 0 0 0 0 0
10 -1 0 0 0 0 0
0 -1 0 0 0 0 0
4 -1 0 0 0 0 0
4 -1 0 0 0 0 0
10 -1 0 0 0 0 0
6 -1 0 0 0 0 0
9 -1 0 0 0 0 0
10 -1 0 0 0 0 0
9 -1 0 0 0 0 0
6 -1 0 0 0 0 0
10 -1 0 0 0 0 0
4 -1 0 0 0 0 0
4 -1 0 0 0 0 0
0 -1 0 0 0 0 0
10 -1 0 0 0 0 0
8 -1 0 0 0 0 0
6 -1 0 0 0 0 0
8 -1 0 0 0 0 0
0 -1 0 0 0 0 0
10 0 0 0 0 0 0
9 0 1 0 0 0 0
4 0 0 0 0 0 0
8 0 0 0 0 0 0
4 0 0 0 0 0 0
9 -1 0 0 0 0 0
10 -1 0 0 0 0 0
6 1 1 0 0 1 0
8 -1 0 0 0 0 0
6 -1 0 0 0 0 0
8 -1 0 0 0 0 0
6 -1 0 0 0 0 0
10 -1 0 0 0 0 0
0 -1 0 0 0 0 0
2 0 0 1 0 0 1
0 -1 0 0 0 0 0
10 0 1 0 0 0 0
8 0 0 0 0 0 0
8 0 0 0 0 0 0
8 0 0 0 0 0 0
10 0 0 0 0 0 0
6 0 1 0 0 0 0
10 1 0 0 1 1 0
6 1 1 0 0 1 0
10 -1 0 0 0 0 0
6 -1 0 0 0 0 0
0 -1 0 0 0 0 0
8 -1 0 0 0 0 0
8 0 0 0 0 0 0
0 -1 0 0 0 0 0
4 0 0 0 0 0 0
8 0 0 0 0 0 0
9 0 0 0 0 0 0
10 0 0 0 0 0 0
9 0 1 0 0 0 0
8 0 1 0 0 0 0
4 0 0 0 0 0 0
8 1 0 0 1 1 0
8 -1 0 0 0 0 0
8 -1 0 0 0 0 0
0 -1 0 0 0 0 0
6 -1 0 0 0 0 0
8 -1 0 0 0 0 0
8 -1 0 0 0 0 0
10 -1 0 0 0 0 0
9 -1 0 0 0 0 0
9 -1 0 0 0 0 0
6 -1 0 0 0 0 0
9 -1 0 0 0 0 0
6 -1 0 0 0 0 0
9 -1 0 0 0 0 0
9 -1 0 0 0 0 0
10 -1 0 0 0 0 0
8 -1 0 0 0 0 0
8 -1 0 0 0 0 0
6 -1 0 0 0 0 0
10 -1 0 0 0 0 0
0 -1 0 0 0 0 0
4 -1 0 0 0 0 0
4 -1 0 0 0 0 0
4 -1 0 0 0 0 0
4 -1 0 0 0 0 0
10 -1 0 0 0 0 0
8 -1 0 0 0 0 0
10 -1 0 0 0 0 0
4 -1 0 0 0 0 0
4 -1 0 0 0 0 0
4 -1 0 0 0 0 0
4 -1 0 0 0 0 0
0 -1 0 0 0 0 0
10 -1 0 0 0 0 0
100 85
0 -1 0 0 0 0 0
4 -1 0 0 0 0 0
9 -1 0 0 0 0 0
10 -1 0 0 0 0 0
9 -1 0 0 0 0 0
10 -1 0 0 0 0 0
6 -1 0 0 0 0 0
9 -1 0 0 0 0 0
6 -1 0 0 0 0 0
10 -1 0 0 0 0 0
9 -1 0 0 0 0 0
10 -1 0 0 0 0 0
9 -1 0 0 0 0 0
4 -1 0 0 0 0 0
0 -1 0 0 0 0 0
10 -1 0 0 0 0 0
0 -1 0 0 0 0 0
4 -1 0 0 0 0 0
4 -1 0 0 0 0 0
10 -1 0 0 0 0 0
6 -1 0 0 0 0 0
9 -1 0 0 0 0 0
10 -1 0 0 0 0 0
9 -1 0 0 0 0 0
6 -1 0 0 0 0 0
10 -1 0 0 0 0 0
4 -1 0 0 0 0 0
4 -1 0 0 0 0 0
0 -1 0 0 0 0 0
10 -1 0 0 0 0 0
8 -1 0 0 0 0 0
6 -1 0 0 0 0 0
8 -1 0 0 0 0 0
0 -1 0 0 0 0 0
10 0 0 0 0 0 0
9 0 0 0 0 0 0
4 0 1 0 0 0 0
8 0 0 0 0 0 0
4 0 0 0 0 0 0
9 -1 0 0 0 0 0
10 -1 0 0 0 0 0
6 1 1 0 0 1 0
8 -1 0 0 0 0 0
6 -1 0 0 0 0 0
8 -1 0 0 0 0 0
6 -1 0 0 0 0 0
10 -1 0 0 0 0 0
0 -1 0 0 0 0 0
1 0 0 1 0 0 1
0 -1 0 0 0 0 0
10 0 1 0 0 0 0
8 0 1 0 0 0 0
8 0 0 0 0 0 0
8 0 0 0 0 0 0
10 0 0 0 0 0 0
6 0 0 0 0 0 0
10 1 0 0 1 1 0
6 1 1 0 0 1 0
10 -1 0 0 0 0 0
6 -1 0 0 0 0 0
0 -1 0 0 0 0 0
8 -1 0 0 0 0 0
8 0 0 0 0 0 0
0 -1 0 0 0 0 0
4 0 0 0 0 0 0
8 0 0 0 0 0 0
9 0 0 0 0 0 0
10 0 0 0 0 0 0
9 0 0 0 0 0 0
8 0 1 0 0 0 0
4 0 2 0 0 0 0
8 1 0 0 1 1 0
8 -1 0 0 0 0 0
8 -1 0 0 0 0 0
0 -1 0 0 0 0 0
6 -1 0 0 0 0 0
8 -1 0 0 0 0 0
8 -1 0 0 0 0 0
10 -1 0 0 0 0 0
9 -1 0 0 0 0 0
9 -1 0 0 0 0 0
6 -1 0 0 0 0 0
9 -1 0 0 0 0 0
6 -1 0 0 0 0 0
9 -1 0 0 0 0 0
9 -1 0 0 0 0 0
10 -1 0 0 0 0 0
8 -1 0 0 0 0 0
8 -1 0 0 0 0 0
6 -1 0 0 0 0 0
10 -1 0 0 0 0 0
0 -1 0 0 0 0 0
4 -1 0 0 0 0 0
4 -1 0 0 0 0 0
4 -1 0 0 0 0 0
4 -1 0 0 0 0 0
10 -1 0 0 0 0 0
8 -1 0 0 0 0 0
10 -1 0 0 0 0 0
4 -1 0 0 0 0 0
4 -1 0 0 0 0 0
4 -1 0 0 0 0 0
4 -1 0 0 0 0 0
0 -1 0 0 0 0 0
10 -1 0 0 0 0 0
110 86
0 -1 0 0 0 0 0
4 -1 0 0 0 0 0
9 -1 0 0 0 0 0
10 -1 0 0 0 0 0
9 -1 0 0 0 0 0
10 -1 0 0 0 0 0
6 -1 0 0 0 0 0
9 -1 0 0 0 0 0
6 -1 0 0 0 0 0
10 -1 0 0 0 0 0
9 -1 0 0 0 0 0
10 -1 0 0 0 0 0
9 -1 0 0 0 0 0
4 -1 0 0 0 0 0
0 -1 0 0 0 0 0
10 -1 0 0 0 0 0
0 -1 0 0 0 0 0
4 -1 0 0 0 0 0
4 -1 0 0 0 0 0
10 -1 0 0 0 0 0
6 -1 0 0 0 0 0
9 -1 0 0 0 0 0
10 -1 0 0 0 0 0
9 -1 0 0 0 0 0
6 -1 0 0 0 0 0
10 -1 0 0 0 0 0
4 -1 0 0 0 0 0
4 -1 0 0 0 0 0
0 -1 0 0 0 0 0
10 -1 0 0 0 0 0
8 -1 0 0 0 0 0
6 -1 0 0 0 0 0
8 -1 0 0 0 0 0
0 -1 0 0 0 0 0
10 0 0 0 0 0 0
9 0 0 0 0 0 0
4 0 0 0 0 0 0
8 0 1 0 0 0 0
4 0 0 0 0 0 0
9 -1 0 0 0 0 0
10 -1 0 0 0 0 0
6 1 1 0 0 1 0
8 -1 0 0 0 0 0
6 -1 0 0 0 0 0
8 -1 0 0 0 0 0
6 -1 0 0 0 0 0
10 -1 0 0 0 0 0
0 -1 0 0 0 0 0
0 -1 0 0 0 0 0
0 -1 0 0 0 0 0
10 0 0 0 0 0 0
8 0 1 0 0 0 0
8 0 1 0 0 0 0
8 0 0 0 0 0 0
10 0 0 0 0 0 0
6 0 0 0 0 0 0
10 1 0 0 1 1 0
6 1 1 0 0 1 0
10 -1 0 0 0 0 0
6 -1 0 0 0 0 0
0 -1 0 0 0 0 0
8 -1 0 0 0 0 0
8 0 0 0 0 0 0
0 -1 0 0 0 0 0
4 0 0 0 0 0 0
8 0 0 0 0 0 0
9 0 0 0 0 0 0
10 0 0 0 0 0 0
9 0 1 0 0 0 0
8 0 0 0 0 0 0
4 0 2 0 0 0 0
8 0 1 0 0 0 0
8 -1 0 0 0 0 0
8 -1 0 0 0 0 0
0 -1 0 0 0 0 0
6 -1 0 0 0 0 0
8 -1 0 0 0 0 0
8 -1 0 0 0 0 0
10 -1 0 0 0 0 0
9 -1 0 0 0 0 0
9 -1 0 0 0 0 0
6 -1 0 0 0 0 0
9 -1 0 0 0 0 0
6 -1 0 0 0 0 0
9 -1 0 0 0 0 0
9 -1 0 0 0 0 0
10 -1 0 0 0 0 0
8 -1 0 0 0 0 0
8 -1 0 0 0 0 0
6 -1 0 0 0 0 0
10 -1 0 0 0 0 0
0 -1 0 0 0 0 0
4 -1 0 0 0 0 0
4 -1 0 0 0 0 0
4 -1 0 0 0 0 0
4 -1 0 0 0 0 0
10 -1 0 0 0 0 0
8 -1 0 0 0 0 0
10 -1 0 0 0 0 0
4 -1 0 0 0 0 0
4 -1 0 0 0 0 0
4 -1 0 0 0 0 0
4 -1 0 0 0 0 0
0 -1 0 0 0 0 0
10 -1 0 0 0 0 0
