12 6
10 10
0 -1 0 0 0 0 0
0 -1 0 0 0 0 0
6 -1 0 0 0 0 0
0 -1 0 0 0 0 0
0 -1 0 0 0 0 0
8 -1 0 0 0 0 0
8 -1 0 0 0 0 0
0 -1 0 0 0 0 0
0 -1 0 0 0 0 0
6 -1 0 0 0 0 0
0 -1 0 0 0 0 0
0 -1 0 0 0 0 0
0 -1 0 0 0 0 0
8 -1 0 0 0 0 0
9 0 1 0 0 0 0
6 -1 0 0 0 0 0
0 -1 0 0 0 0 0
9 -1 0 0 0 0 0
9 -1 0 0 0 0 0
0 -1 0 0 0 0 0
6 -1 0 0 0 0 0
9 1 1 0 0 1 0
8 -1 0 0 0 0 0
0 -1 0 0 0 0 0
0 -1 0 0 0 0 0
1 0 1 0 0 0 0
10 0 0 0 0 0 0
10 0 1 0 0 0 0
8 -1 0 0 0 0 0
8 -1 0 0 0 0 0
8 -1 0 0 0 0 0
8 -1 0 0 0 0 0
10 1 1 0 0 1 0
10 1 0 0 1 1 0
1 1 1 0 0 1 0
0 -1 0 0 0 0 0
10 -1 0 0 0 0 0
8 -1 0 0 0 0 0
8 0 1 0 0 0 0
6 -1 0 0 0 0 0
10 -1 0 0 0 0 0
9 -1 0 0 0 0 0
9 -1 0 0 0 0 0
10 -1 0 0 0 0 0
6 -1 0 0 0 0 0
8 1 1 0 0 1 0
8 -1 0 0 0 0 0
10 -1 0 0 0 0 0
6 -1 0 0 0 0 0
0 -1 0 0 0 0 0
6 -1 0 0 0 0 0
8 -1 0 0 0 0 0
8 -1 0 0 0 0 0
0 -1 0 0 0 0 0
0 -1 0 0 0 0 0
8 -1 0 0 0 0 0
8 -1 0 0 0 0 0
6 -1 0 0 0 0 0
0 -1 0 0 0 0 0
6 -1 0 0 0 0 0
0 -1 0 0 0 0 0
0 -1 0 0 0 0 0
10 -1 0 0 0 0 0
6 -1 0 0 0 0 0
10 -1 0 0 0 0 0
6 -1 0 0 0 0 0
6 -1 0 0 0 0 0
10 -1 0 0 0 0 0
6 -1 0 0 0 0 0
10 -1 0 0 0 0 0
0 -1 0 0 0 0 0
0 -1 0 0 0 0 0
20 15
0 -1 0 0 0 0 0
0 -1 0 0 0 0 0
6 -1 0 0 0 0 0
0 -1 0 0 0 0 0
0 -1 0 0 0 0 0
8 -1 0 0 0 0 0
8 -1 0 0 0 0 0
0 -1 0 0 0 0 0
0 -1 0 0 0 0 0
6 -1 0 0 0 0 0
0 -1 0 0 0 0 0
0 -1 0 0 0 0 0
0 -1 0 0 0 0 0
8 -1 0 0 0 0 0
8 0 0 0 0 0 1
6 0 1 0 0 0 0
0 -1 0 0 0 0 0
9 -1 0 0 0 0 0
9 -1 0 0 0 0 0
0 -1 0 0 0 0 0
6 -1 0 0 0 0 0
9 1 1 0 0 1 0
8 -1 0 0 0 0 0
0 -1 0 0 0 0 0
0 -1 0 0 0 0 0
0 -1 0 0 0 0 0
9 0 0 1 0 0 1
9 0 0 0 0 0 1
8 0 1 0 0 0 0
8 -1 0 0 0 0 0
8 -1 0 0 0 0 0
8 -1 0 0 0 0 0
10 1 1 0 0 1 0
10 1 0 0 1 1 0
1 1 1 0 0 1 0
0 -1 0 0 0 0 0
10 -1 0 0 0 0 0
8 0 1 0 0 0 0
7 0 0 0 0 0 1
6 0 1 0 0 0 0
10 -1 0 0 0 0 0
9 -1 0 0 0 0 0
9 -1 0 0 0 0 0
10 -1 0 0 0 0 0
6 -1 0 0 0 0 0
8 1 1 0 0 1 0
8 -1 0 0 0 0 0
10 -1 0 0 0 0 0
6 -1 0 0 0 0 0
0 -1 0 0 0 0 0
6 -1 0 0 0 0 0
8 -1 0 0 0 0 0
8 -1 0 0 0 0 0
0 -1 0 0 0 0 0
0 -1 0 0 0 0 0
8 -1 0 0 0 0 0
8 -1 0 0 0 0 0
6 -1 0 0 0 0 0
0 -1 0 0 0 0 0
6 -1 0 0 0 0 0
0 -1 0 0 0 0 0
0 -1 0 0 0 0 0
10 -1 0 0 0 0 0
6 -1 0 0 0 0 0
10 -1 0 0 0 0 0
6 -1 0 0 0 0 0
6 -1 0 0 0 0 0
10 -1 0 0 0 0 0
6 -1 0 0 0 0 0
10 -1 0 0 0 0 0
0 -1 0 0 0 0 0
0 -1 0 0 0 0 0
30 29
0 -1 0 0 0 0 0
0 -1 0 0 0 0 0
6 -1 0 0 0 0 0
0 -1 0 0 0 0 0
0 -1 0 0 0 0 0
8 -1 0 0 0 0 0
8 -1 0 0 0 0 0
0 -1 0 0 0 0 0
0 -1 0 0 0 0 0
6 -1 0 0 0 0 0
0 -1 0 0 0 0 0
0 -1 0 0 0 0 0
0 -1 0 0 0 0 0
8 -1 0 0 0 0 0
7 0 0 0 0 0 1
6 0 0 0 0 0 0
0 -1 0 0 0 0 0
9 -1 0 0 0 0 0
9 -1 0 0 0 0 0
0 -1 0 0 0 0 0
6 -1 0 0 0 0 0
9 1 1 0 0 1 0
8 -1 0 0 0 0 0
0 -1 0 0 0 0 0
0 -1 0 0 0 0 0
0 -1 0 0 0 0 0
8 0 0 1 0 0 1
8 0 1 0 0 0 1
8 0 0 0 0 0 0
8 0 1 0 0 0 0
8 -1 0 0 0 0 0
8 -1 0 0 0 0 0
10 1 1 0 0 1 0
10 1 0 0 1 1 0
1 1 1 0 0 1 0
0 -1 0 0 0 0 0
10 -1 0 0 0 0 0
8 0 0 0 0 0 0
6 0 1 0 0 0 1
6 0 0 0 0 0 0
10 0 1 0 0 0 0
9 -1 0 0 0 0 0
9 -1 0 0 0 0 0
10 -1 0 0 0 0 0
6 -1 0 0 0 0 0
8 1 1 0 0 1 0
8 -1 0 0 0 0 0
10 -1 0 0 0 0 0
6 -1 0 0 0 0 0
0 -1 0 0 0 0 0
6 -1 0 0 0 0 0
8 -1 0 0 0 0 0
8 -1 0 0 0 0 0
0 -1 0 0 0 0 0
0 -1 0 0 0 0 0
8 -1 0 0 0 0 0
8 -1 0 0 0 0 0
6 -1 0 0 0 0 0
0 -1 0 0 0 0 0
6 -1 0 0 0 0 0
0 -1 0 0 0 0 0
0 -1 0 0 0 0 0
10 -1 0 0 0 0 0
6 -1 0 0 0 0 0
10 -1 0 0 0 0 0
6 -1 0 0 0 0 0
6 -1 0 0 0 0 0
10 -1 0 0 0 0 0
6 -1 0 0 0 0 0
10 -1 0 0 0 0 0
0 -1 0 0 0 0 0
0 -1 0 0 0 0 0
40 43
0 -1 0 0 0 0 0
0 -1 0 0 0 0 0
6 -1 0 0 0 0 0
0 -1 0 0 0 0 0
0 -1 0 0 0 0 0
8 -1 0 0 0 0 0
8 -1 0 0 0 0 0
0 -1 0 0 0 0 0
0 -1 0 0 0 0 0
6 -1 0 0 0 0 0
0 -1 0 0 0 0 0
0 -1 0 0 0 0 0
0 -1 0 0 0 0 0
8 -1 0 0 0 0 0
6 0 0 0 0 0 1
6 0 0 0 0 0 0
0 -1 0 0 0 0 0
9 -1 0 0 0 0 0
9 -1 0 0 0 0 0
0 -1 0 0 0 0 0
6 -1 0 0 0 0 0
9 1 1 0 0 1 0
8 -1 0 0 0 0 0
0 -1 0 0 0 0 0
0 -1 0 0 0 0 0
0 -1 0 0 0 0 0
7 0 0 1 0 0 1
7 0 0 0 0 0 1
8 0 1 0 0 0 0
8 0 0 0 0 0 0
8 0 1 0 0 0 0
8 -1 0 0 0 0 0
10 1 1 0 0 1 0
10 1 0 0 1 1 0
1 1 1 0 0 1 0
0 -1 0 0 0 0 0
10 -1 0 0 0 0 0
8 0 0 0 0 0 0
5 0 0 0 0 0 1
6 0 1 0 0 0 0
10 0 0 0 0 0 0
9 0 1 0 0 0 0
9 -1 0 0 0 0 0
10 -1 0 0 0 0 0
6 -1 0 0 0 0 0
8 1 1 0 0 1 0
8 -1 0 0 0 0 0
10 -1 0 0 0 0 0
6 -1 0 0 0 0 0
0 -1 0 0 0 0 0
6 -1 0 0 0 0 0
8 -1 0 0 0 0 0
8 -1 0 0 0 0 0
0 -1 0 0 0 0 0
0 -1 0 0 0 0 0
8 -1 0 0 0 0 0
8 -1 0 0 0 0 0
6 -1 0 0 0 0 0
0 -1 0 0 0 0 0
6 -1 0 0 0 0 0
0 -1 0 0 0 0 0
0 -1 0 0 0 0 0
10 -1 0 0 0 0 0
6 -1 0 0 0 0 0
10 -1 0 0 0 0 0
6 -1 0 0 0 0 0
6 -1 0 0 0 0 0
10 -1 0 0 0 0 0
6 -1 0 0 0 0 0
10 -1 0 0 0 0 0
0 -1 0 0 0 0 0
0 -1 0 0 0 0 0
50 57
0 -1 0 0 0 0 0
0 -1 0 0 0 0 0
6 -1 0 0 0 0 0
0 -1 0 0 0 0 0
0 -1 0 0 0 0 0
8 -1 0 0 0 0 0
8 -1 0 0 0 0 0
0 -1 0 0 0 0 0
0 -1 0 0 0 0 0
6 -1 0 0 0 0 0
0 -1 0 0 0 0 0
0 -1 0 0 0 0 0
0 -1 0 0 0 0 0
8 -1 0 0 0 0 0
5 0 0 0 0 0 1
6 0 0 0 0 0 0
0 -1 0 0 0 0 0
9 -1 0 0 0 0 0
9 -1 0 0 0 0 0
0 -1 0 0 0 0 0
6 -1 0 0 0 0 0
9 1 1 0 0 1 0
8 -1 0 0 0 0 0
0 -1 0 0 0 0 0
0 -1 0 0 0 0 0
0 -1 0 0 0 0 0
6 0 0 1 0 0 1
6 0 0 0 0 0 1
8 0 0 0 0 0 0
8 0 1 0 0 0 0
8 0 0 0 0 0 0
8 0 1 0 0 0 0
10 1 1 0 0 1 0
10 1 0 0 1 1 0
1 1 1 0 0 1 0
0 -1 0 0 0 0 0
10 -1 0 0 0 0 0
8 0 0 0 0 0 0
4 0 0 0 0 0 1
6 0 0 0 0 0 0
10 0 1 0 0 0 0
9 0 0 0 0 0 0
9 0 1 0 0 0 0
10 -1 0 0 0 0 0
6 -1 0 0 0 0 0
8 1 1 0 0 1 0
8 -1 0 0 0 0 0
10 -1 0 0 0 0 0
6 -1 0 0 0 0 0
0 -1 0 0 0 0 0
6 -1 0 0 0 0 0
8 -1 0 0 0 0 0
8 -1 0 0 0 0 0
0 -1 0 0 0 0 0
0 -1 0 0 0 0 0
8 -1 0 0 0 0 0
8 -1 0 0 0 0 0
6 -1 0 0 0 0 0
0 -1 0 0 0 0 0
6 -1 0 0 0 0 0
0 -1 0 0 0 0 0
0 -1 0 0 0 0 0
10 -1 0 0 0 0 0
6 -1 0 0 0 0 0
10 -1 0 0 0 0 0
6 -1 0 0 0 0 0
6 -1 0 0 0 0 0
10 -1 0 0 0 0 0
6 -1 0 0 0 0 0
10 -1 0 0 0 0 0
0 -1 0 0 0 0 0
0 -1 0 0 0 0 0
60 71
0 -1 0 0 0 0 0
0 -1 0 0 0 0 0
6 -1 0 0 0 0 0
0 -1 0 0 0 0 0
0 -1 0 0 0 0 0
8 -1 0 0 0 0 0
8 -1 0 0 0 0 0
0 -1 0 0 0 0 0
0 -1 0 0 0 0 0
6 -1 0 0 0 0 0
0 -1 0 0 0 0 0
0 -1 0 0 0 0 0
0 -1 0 0 0 0 0
8 -1 0 0 0 0 0
4 0 0 0 0 0 1
6 0 0 0 0 0 0
0 -1 0 0 0 0 0
9 -1 0 0 0 0 0
9 -1 0 0 0 0 0
0 -1 0 0 0 0 0
6 -1 0 0 0 0 0
9 1 1 0 0 1 0
8 -1 0 0 0 0 0
0 -1 0 0 0 0 0
0 -1 0 0 0 0 0
0 -1 0 0 0 0 0
5 0 0 1 0 0 1
5 0 0 0 0 0 1
8 0 0 0 0 0 0
8 0 0 0 0 0 0
8 0 1 0 0 0 0
8 0 0 0 0 0 0
10 1 1 0 0 1 0
10 1 0 0 1 1 0
1 1 1 0 0 1 0
0 -1 0 0 0 0 0
10 -1 0 0 0 0 0
8 0 0 0 0 0 0
3 0 0 0 0 0 1
6 0 0 0 0 0 0
10 0 0 0 0 0 0
9 0 1 0 0 0 0
9 0 0 0 0 0 0
10 0 2 0 0 0 0
6 -1 0 0 0 0 0
8 1 1 0 0 1 0
8 -1 0 0 0 0 0
10 -1 0 0 0 0 0
6 -1 0 0 0 0 0
0 -1 0 0 0 0 0
6 -1 0 0 0 0 0
8 -1 0 0 0 0 0
8 -1 0 0 0 0 0
0 -1 0 0 0 0 0
0 -1 0 0 0 0 0
8 -1 0 0 0 0 0
8 -1 0 0 0 0 0
6 -1 0 0 0 0 0
0 -1 0 0 0 0 0
6 -1 0 0 0 0 0
0 -1 0 0 0 0 0
0 -1 0 0 0 0 0
10 -1 0 0 0 0 0
6 -1 0 0 0 0 0
10 -1 0 0 0 0 0
6 -1 0 0 0 0 0
6 -1 0 0 0 0 0
10 -1 0 0 0 0 0
6 -1 0 0 0 0 0
10 -1 0 0 0 0 0
0 -1 0 0 0 0 0
0 -1 0 0 0 0 0
70 75
0 -1 0 0 0 0 0
0 -1 0 0 0 0 0
6 -1 0 0 0 0 0
0 -1 0 0 0 0 0
0 -1 0 0 0 0 0
8 -1 0 0 0 0 0
8 -1 0 0 0 0 0
0 -1 0 0 0 0 0
0 -1 0 0 0 0 0
6 -1 0 0 0 0 0
0 -1 0 0 0 0 0
0 -1 0 0 0 0 0
0 -1 0 0 0 0 0
8 -1 0 0 0 0 0
3 0 0 0 0 0 1
6 0 0 0 0 0 0
0 -1 0 0 0 0 0
9 -1 0 0 0 0 0
9 -1 0 0 0 0 0
0 -1 0 0 0 0 0
6 -1 0 0 0 0 0
9 1 1 0 0 1 0
8 -1 0 0 0 0 0
0 -1 0 0 0 0 0
0 -1 0 0 0 0 0
0 -1 0 0 0 0 0
4 0 0 1 0 0 1
4 0 0 0 0 0 1
8 0 0 0 0 0 0
8 0 0 0 0 0 0
8 0 0 0 0 0 0
8 0 1 0 0 0 0
10 1 1 0 0 1 0
10 1 0 0 1 1 0
1 1 1 0 0 1 0
0 -1 0 0 0 0 0
10 -1 0 0 0 0 0
8 0 0 0 0 0 0
2 0 0 0 0 0 1
6 0 0 0 0 0 0
10 0 0 0 0 0 0
9 0 1 0 0 0 0
9 0 1 0 0 0 0
10 0 1 0 0 0 0
6 0 1 0 0 0 0
8 1 1 0 0 1 0
8 -1 0 0 0 0 0
10 -1 0 0 0 0 0
6 -1 0 0 0 0 0
0 -1 0 0 0 0 0
6 -1 0 0 0 0 0
8 -1 0 0 0 0 0
8 -1 0 0 0 0 0
0 -1 0 0 0 0 0
0 -1 0 0 0 0 0
8 -1 0 0 0 0 0
8 -1 0 0 0 0 0
6 -1 0 0 0 0 0
0 -1 0 0 0 0 0
6 -1 0 0 0 0 0
0 -1 0 0 0 0 0
0 -1 0 0 0 0 0
10 -1 0 0 0 0 0
6 -1 0 0 0 0 0
10 -1 0 0 0 0 0
6 -1 0 0 0 0 0
6 -1 0 0 0 0 0
10 -1 0 0 0 0 0
6 -1 0 0 0 0 0
10 -1 0 0 0 0 0
0 -1 0 0 0 0 0
0 -1 0 0 0 0 0
80 79
0 -1 0 0 0 0 0
0 -1 0 0 0 0 0
6 -1 0 0 0 0 0
0 -1 0 0 0 0 0
0 -1 0 0 0 0 0
8 -1 0 0 0 0 0
8 -1 0 0 0 0 0
0 -1 0 0 0 0 0
0 -1 0 0 0 0 0
6 -1 0 0 0 0 0
0 -1 0 0 0 0 0
0 -1 0 0 0 0 0
0 -1 0 0 0 0 0
8 -1 0 0 0 0 0
2 0 0 0 0 0 1
6 0 0 0 0 0 0
0 -1 0 0 0 0 0
9 -1 0 0 0 0 0
9 -1 0 0 0 0 0
0 -1 0 0 0 0 0
6 -1 0 0 0 0 0
9 1 1 0 0 1 0
8 -1 0 0 0 0 0
0 -1 0 0 0 0 0
0 -1 0 0 0 0 0
0 -1 0 0 0 0 0
3 0 0 1 0 0 1
3 0 0 0 0 0 1
8 0 0 0 0 0 0
8 0 0 0 0 0 0
8 0 0 0 0 0 0
8 0 0 0 0 0 0
10 1 1 0 0 1 0
10 1 0 0 1 1 0
1 1 1 0 0 1 0
0 -1 0 0 0 0 0
10 -1 0 0 0 0 0
8 0 0 0 0 0 0
1 0 0 0 0 0 1
6 0 0 0 0 0 0
10 0 0 0 0 0 0
9 0 0 0 0 0 0
9 0 2 0 0 0 0
10 0 2 0 0 0 0
6 0 1 0 0 0 0
8 1 0 0 1 1 0
8 -1 0 0 0 0 0
10 -1 0 0 0 0 0
6 -1 0 0 0 0 0
0 -1 0 0 0 0 0
6 -1 0 0 0 0 0
8 -1 0 0 0 0 0
8 -1 0 0 0 0 0
0 -1 0 0 0 0 0
0 -1 0 0 0 0 0
8 -1 0 0 0 0 0
8 -1 0 0 0 0 0
6 -1 0 0 0 0 0
0 -1 0 0 0 0 0
6 -1 0 0 0 0 0
0 -1 0 0 0 0 0
0 -1 0 0 0 0 0
10 -1 0 0 0 0 0
6 -1 0 0 0 0 0
10 -1 0 0 0 0 0
6 -1 0 0 0 0 0
6 -1 0 0 0 0 0
10 -1 0 0 0 0 0
6 -1 0 0 0 0 0
10 -1 0 0 0 0 0
0 -1 0 0 0 0 0
0 -1 0 0 0 0 0
90 83
0 -1 0 0 0 0 0
0 -1 0 0 0 0 0
6 -1 0 0 0 0 0
0 -1 0 0 0 0 0
0 -1 0 0 0 0 0
8 -1 0 0 0 0 0
8 -1 0 0 0 0 0
0 -1 0 0 0 0 0
0 -1 0 0 0 0 0
6 -1 0 0 0 0 0
0 -1 0 0 0 0 0
0 -1 0 0 0 0 0
0 -1 0 0 0 0 0
8 -1 0 0 0 0 0
1 0 1 0 0 0 1
6 0 0 0 0 0 0
0 -1 0 0 0 0 0
9 -1 0 0 0 0 0
9 -1 0 0 0 0 0
0 -1 0 0 0 0 0
6 -1 0 0 0 0 0
9 1 1 0 0 1 0
8 -1 0 0 0 0 0
0 -1 0 0 0 0 0
0 -1 0 0 0 0 0
0 -1 0 0 0 0 0
2 0 0 1 0 0 1
2 0 0 0 0 0 1
8 0 0 0 0 0 0
8 0 0 0 0 0 0
8 0 0 0 0 0 0
8 0 0 0 0 0 0
10 1 1 0 0 1 0
10 1 0 0 1 1 0
1 1 1 0 0 1 0
0 -1 0 0 0 0 0
10 -1 0 0 0 0 0
8 0 0 0 0 0 0
0 -1 0 0 0 0 0
6 0 0 0 0 0 0
10 0 0 0 0 0 0
9 0 0 0 0 0 0
9 0 1 0 0 0 0
10 0 2 0 0 0 0
6 0 1 0 0 0 0
8 0 1 0 0 0 0
8 -1 0 0 0 0 0
10 -1 0 0 0 0 0
6 -1 0 0 0 0 0
0 -1 0 0 0 0 0
6 -1 0 0 0 0 0
8 -1 0 0 0 0 0
8 -1 0 0 0 0 0
0 -1 0 0 0 0 0
0 -1 0 0 0 0 0
8 -1 0 0 0 0 0
8 -1 0 0 0 0 0
6 -1 0 0 0 0 0
0 -1 0 0 0 0 0
6 -1 0 0 0 0 0
0 -1 0 0 0 0 0
0 -1 0 0 0 0 0
10 -1 0 0 0 0 0
6 -1 0 0 0 0 0
10 -1 0 0 0 0 0
6 -1 0 0 0 0 0
6 -1 0 0 0 0 0
10 -1 0 0 0 0 0
6 -1 0 0 0 0 0
10 -1 0 0 0 0 0
0 -1 0 0 0 0 0
0 -1 0 0 0 0 0
100 86
0 -1 0 0 0 0 0
0 -1 0 0 0 0 0
6 -1 0 0 0 0 0
0 -1 0 0 0 0 0
0 -1 0 0 0 0 0
8 -1 0 0 0 0 0
8 -1 0 0 0 0 0
0 -1 0 0 0 0 0
0 -1 0 0 0 0 0
6 -1 0 0 0 0 0
0 -1 0 0 0 0 0
0 -1 0 0 0 0 0
0 -1 0 0 0 0 0
8 -1 0 0 0 0 0
0 -1 0 0 0 0 0
6 0 1 0 0 0 0
0 -1 0 0 0 0 0
9 -1 0 0 0 0 0
9 -1 0 0 0 0 0
0 -1 0 0 0 0 0
6 -1 0 0 0 0 0
9 1 1 0 0 1 0
8 -1 0 0 0 0 0
0 -1 0 0 0 0 0
0 -1 0 0 0 0 0
0 -1 0 0 0 0 0
1 0 0 1 0 0 1
1 0 0 0 0 0 1
8 0 0 0 0 0 0
8 0 0 0 0 0 0
8 0 0 0 0 0 0
8 0 0 0 0 0 0
10 1 1 0 0 1 0
10 0 1 0 0 0 0
1 1 1 0 0 1 0
0 -1 0 0 0 0 0
10 -1 0 0 0 0 0
8 0 0 0 0 0 0
0 -1 0 0 0 0 0
6 0 0 0 0 0 0
10 0 0 0 0 0 0
9 0 0 0 0 0 0
9 0 0 0 0 0 0
10 0 2 0 0 0 0
6 0 1 0 0 0 0
8 0 2 0 0 0 0
8 -1 0 0 0 0 0
10 -1 0 0 0 0 0
6 -1 0 0 0 0 0
0 -1 0 0 0 0 0
6 -1 0 0 0 0 0
8 -1 0 0 0 0 0
8 -1 0 0 0 0 0
0 -1 0 0 0 0 0
0 -1 0 0 0 0 0
8 -1 0 0 0 0 0
8 -1 0 0 0 0 0
6 -1 0 0 0 0 0
0 -1 0 0 0 0 0
6 -1 0 0 0 0 0
0 -1 0 0 0 0 0
0 -1 0 0 0 0 0
10 -1 0 0 0 0 0
6 -1 0 0 0 0 0
10 -1 0 0 0 0 0
6 -1 0 0 0 0 0
6 -1 0 0 0 0 0
10 -1 0 0 0 0 0
6 -1 0 0 0 0 0
10 -1 0 0 0 0 0
0 -1 0 0 0 0 0
0 -1 0 0 0 0 0
110 88
0 -1 0 0 0 0 0
0 -1 0 0 0 0 0
6 -1 0 0 0 0 0
0 -1 0 0 0 0 0
0 -1 0 0 0 0 0
8 -1 0 0 0 0 0
8 -1 0 0 0 0 0
0 -1 0 0 0 0 0
0 -1 0 0 0 0 0
6 -1 0 0 0 0 0
0 -1 0 0 0 0 0
0 -1 0 0 0 0 0
0 -1 0 0 0 0 0
8 -1 0 0 0 0 0
0 -1 0 0 0 0 0
6 0 1 0 0 0 0
0 -1 0 0 0 0 0
9 -1 0 0 0 0 0
9 -1 0 0 0 0 0
0 -1 0 0 0 0 0
6 -1 0 0 0 0 0
9 1 1 0 0 1 0
8 -1 0 0 0 0 0
0 -1 0 0 0 0 0
0 -1 0 0 0 0 0
0 -1 0 0 0 0 0
0 -1 0 0 0 0 0
0 -1 0 0 0 0 0
8 0 0 0 0 0 0
8 0 0 0 0 0 0
8 0 0 0 0 0 0
8 0 0 0 0 0 0
10 1 1 0 0 1 0
10 0 1 0 0 0 0
1 1 0 0 1 1 0
0 -1 0 0 0 0 0
10 -1 0 0 0 0 0
8 0 0 0 0 0 0
0 -1 0 0 0 0 0
6 0 0 0 0 0 0
10 0 0 0 0 0 0
9 0 0 0 0 0 0
9 0 0 0 0 0 0
10 0 1 0 0 0 0
6 0 1 0 0 0 0
8 0 2 0 0 0 0
8 -1 0 0 0 0 0
10 -1 0 0 0 0 0
6 -1 0 0 0 0 0
0 -1 0 0 0 0 0
6 -1 0 0 0 0 0
8 -1 0 0 0 0 0
8 -1 0 0 0 0 0
0 -1 0 0 0 0 0
0 -1 0 0 0 0 0
8 -1 0 0 0 0 0
8 -1 0 0 0 0 0
6 -1 0 0 0 0 0
0 -1 0 0 0 0 0
6 -1 0 0 0 0 0
0 -1 0 0 0 0 0
0 -1 0 0 0 0 0
10 -1 0 0 0 0 0
6 -1 0 0 0 0 0
10 -1 0 0 0 0 0
6 -1 0 0 0 0 0
6 -1 0 0 0 0 0
10 -1 0 0 0 0 0
6 -1 0 0 0 0 0
10 -1 0 0 0 0 0
0 -1 0 0 0 0 0
0 -1 0 0 0 0 0
120 88
0 -1 0 0 0 0 0
0 -1 0 0 0 0 0
6 -1 0 0 0 0 0
0 -1 0 0 0 0 0
0 -1 0 0 0 0 0
8 -1 0 0 0 0 0
8 -1 0 0 0 0 0
0 -1 0 0 0 0 0
0 -1 0 0 0 0 0
6 -1 0 0 0 0 0
0 -1 0 0 0 0 0
0 -1 0 0 0 0 0
0 -1 0 0 0 0 0
8 -1 0 0 0 0 0
0 -1 0 0 0 0 0
6 0 1 0 0 0 0
0 -1 0 0 0 0 0
9 -1 0 0 0 0 0
9 -1 0 0 0 0 0
0 -1 0 0 0 0 0
6 -1 0 0 0 0 0
9 1 1 0 0 1 0
8 -1 0 0 0 0 0
0 -1 0 0 0 0 0
0 -1 0 0 0 0 0
0 -1 0 0 0 0 0
0 -1 0 0 0 0 0
0 -1 0 0 0 0 0
8 0 0 0 0 0 0
8 0 0 0 0 0 0
8 0 0 0 0 0 0
8 0 0 0 0 0 0
10 1 1 0 0 1 0
10 0 1 0 0 0 0
1 0 1 0 0 0 0
0 -1 0 0 0 0 0
10 -1 0 0 0 0 0
8 0 0 0 0 0 0
0 -1 0 0 0 0 0
6 0 0 0 0 0 0
10 0 1 0 0 0 0
9 0 0 0 0 0 0
9 0 0 0 0 0 0
10 0 0 0 0 0 0
6 0 1 0 0 0 0
8 0 2 0 0 0 0
8 -1 0 0 0 0 0
10 -1 0 0 0 0 0
6 -1 0 0 0 0 0
0 -1 0 0 0 0 0
6 -1 0 0 0 0 0
8 -1 0 0 0 0 0
8 -1 0 0 0 0 0
0 -1 0 0 0 0 0
0 -1 0 0 0 0 0
8 -1 0 0 0 0 0
8 -1 0 0 0 0 0
6 -1 0 0 0 0 0
0 -1 0 0 0 0 0
6 -1 0 0 0 0 0
0 -1 0 0 0 0 0
0 -1 0 0 0 0 0
10 -1 0 0 0 0 0
6 -1 0 0 0 0 0
10 -1 0 0 0 0 0
6 -1 0 0 0 0 0
6 -1 0 0 0 0 0
10 -1 0 0 0 0 0
6 -1 0 0 0 0 0
10 -1 0 0 0 0 0
0 -1 0 0 0 0 0
0 -1 0 0 0 0 0
130 88
0 -1 0 0 0 0 0
0 -1 0 0 0 0 0
6 -1 0 0 0 0 0
0 -1 0 0 0 0 0
0 -1 0 0 0 0 0
8 -1 0 0 0 0 0
8 -1 0 0 0 0 0
0 -1 0 0 0 0 0
0 -1 0 0 0 0 0
6 -1 0 0 0 0 0
0 -1 0 0 0 0 0
0 -1 0 0 0 0 0
0 -1 0 0 0 0 0
8 -1 0 0 0 0 0
0 -1 0 0 0 0 0
6 0 1 0 0 0 0
0 -1 0 0 0 0 0
9 -1 0 0 0 0 0
9 -1 0 0 0 0 0
0 -1 0 0 0 0 0
6 -1 0 0 0 0 0
9 1 1 0 0 1 0
8 -1 0 0 0 0 0
0 -1 0 0 0 0 0
0 -1 0 0 0 0 0
0 -1 0 0 0 0 0
0 -1 0 0 0 0 0
0 -1 0 0 0 0 0
8 0 1 0 0 0 0
8 0 0 0 0 0 0
8 0 0 0 0 0 0
8 0 0 0 0 0 0
10 0 1 0 0 0 0
10 0 1 0 0 0 0
1 0 0 0 0 0 0
0 -1 0 0 0 0 0
10 -1 0 0 0 0 0
8 0 0 0 0 0 0
0 -1 0 0 0 0 0
6 0 0 0 0 0 0
10 0 0 0 0 0 0
9 0 1 0 0 0 0
9 0 0 0 0 0 0
10 0 0 0 0 0 0
6 0 1 0 0 0 0
8 0 1 0 0 0 0
8 -1 0 0 0 0 0
10 -1 0 0 0 0 0
6 -1 0 0 0 0 0
0 -1 0 0 0 0 0
6 -1 0 0 0 0 0
8 -1 0 0 0 0 0
8 -1 0 0 0 0 0
0 -1 0 0 0 0 0
0 -1 0 0 0 0 0
8 -1 0 0 0 0 0
8 -1 0 0 0 0 0
6 -1 0 0 0 0 0
0 -1 0 0 0 0 0
6 -1 0 0 0 0 0
0 -1 0 0 0 0 0
0 -1 0 0 0 0 0
10 -1 0 0 0 0 0
6 -1 0 0 0 0 0
10 -1 0 0 0 0 0
6 -1 0 0 0 0 0
6 -1 0 0 0 0 0
10 -1 0 0 0 0 0
6 -1 0 0 0 0 0
10 -1 0 0 0 0 0
0 -1 0 0 0 0 0
0 -1 0 0 0 0 0
140 88
0 -1 0 0 0 0 0
0 -1 0 0 0 0 0
6 -1 0 0 0 0 0
0 -1 0 0 0 0 0
0 -1 0 0 0 0 0
8 -1 0 0 0 0 0
8 -1 0 0 0 0 0
0 -1 0 0 0 0 0
0 -1 0 0 0 0 0
6 -1 0 0 0 0 0
0 -1 0 0 0 0 0
0 -1 0 0 0 0 0
0 -1 0 0 0 0 0
8 -1 0 0 0 0 0
0 -1 0 0 0 0 0
6 0 1 0 0 0 0
0 -1 0 0 0 0 0
9 -1 0 0 0 0 0
9 -1 0 0 0 0 0
0 -1 0 0 0 0 0
6 0 1 0 0 0 0
9 1 0 0 1 1 0
8 -1 0 0 0 0 0
0 -1 0 0 0 0 0
0 -1 0 0 0 0 0
0 -1 0 0 0 0 0
0 -1 0 0 0 0 0
0 -1 0 0 0 0 0
8 0 0 0 0 0 0
8 0 1 0 0 0 0
8 0 0 0 0 0 0
8 0 0 0 0 0 0
10 0 1 0 0 0 0
10 0 1 0 0 0 0
1 0 0 0 0 0 0
0 -1 0 0 0 0 0
10 -1 0 0 0 0 0
8 0 0 0 0 0 0
0 -1 0 0 0 0 0
6 0 0 0 0 0 0
10 0 0 0 0 0 0
9 0 0 0 0 0 0
9 0 1 0 0 0 0
10 0 0 0 0 0 0
6 0 0 0 0 0 0
8 0 1 0 0 0 0
8 -1 0 0 0 0 0
10 -1 0 0 0 0 0
6 -1 0 0 0 0 0
0 -1 0 0 0 0 0
6 -1 0 0 0 0 0
8 -1 0 0 0 0 0
8 -1 0 0 0 0 0
0 -1 0 0 0 0 0
0 -1 0 0 0 0 0
8 -1 0 0 0 0 0
8 -1 0 0 0 0 0
6 -1 0 0 0 0 0
0 -1 0 0 0 0 0
6 -1 0 0 0 0 0
0 -1 0 0 0 0 0
0 -1 0 0 0 0 0
10 -1 0 0 0 0 0
6 -1 0 0 0 0 0
10 -1 0 0 0 0 0
6 -1 0 0 0 0 0
6 -1 0 0 0 0 0
10 -1 0 0 0 0 0
6 -1 0 0 0 0 0
10 -1 0 0 0 0 0
0 -1 0 0 0 0 0
0 -1 0 0 0 0 0